0010100101110011
1000010101110110
1101010111011101
1000110011101110
0010010101101101
0100100001000111
1010100111010100
0111010110111001
0100000000011001
1100001100110001
1110101011010110
0011100100110111
0010010001011001
1011001100101100
1100110101111110
1011111000110111
0110000001110101
1000111010111101
0101111111001111
0010100001011111
1110110000111110
1000111111000000
0010110010100110
0111000000100111
1101000011001111
0111000011101011
1000100110110111
0001011111000000
0101110100001011
0001000010000010
1000111010010111
0010100010101101
0100010101000000
0010000010001111
0111011010110100
0010110110111110
0010110111100100
1110010010111000
0111110010011001
0011000100111000
0110110011110101
0000111110001101
0001000001101110
0011100001101011
0110101011011000
1011011000011000
1100110011001111
1011111001011001
0010100011110010
0000110010111111
1010011011110110
1100100101001010
0010010010100111
1000110110101010
1110010010001111
1101110110011000
1100001110110100
0011101001110100
1011110101100100
1110100011011101
0011001100011001
0100000100100101
0010010111100100
0010100001110110
0011100000111110
0001100011001000
1110101000111111
1000010000001000
0010101100101011
1111101001011011
0100011010100010
1111010110111100
0000101011111000
1001001110100000
1000100111101101
1010110111011000
1111011100101011
0101010100101101
0100010010111110
0100110000111010
1101101001110111
0101111101110111
1010101000001000
1001111001000100
1111001000110101
0101001111010011
1001111011001011
1000111111001101
0000001111011011
1010001011111100
1001001100000100
1010011110001101
1000110110010010
0110001000000110
1001111101001011
1000101011101000
0101100111111000
0100110110101101
1101001100100000
0100101001100011
0001111100110100
1111000111101001
0010000000111001
1111110001001000
0010010110101010
0011111101010100
0011001101010000
1101110000000100
0111000110011110
0111100000101000
0001010101001001
0010101100100111
1001101011000010
1001010101111011
1001000010010110
0110000100000111
1001111001101101
1111001001110001
1001001100000000
0100001101100011
0101010010000111
0000001000110011
1110101100100000
1101000000110000
0001011101001011
0101111001010111
0110000001000010
1010111001101011
0110000010111010
0010000110000111
0111011010000111
0010100000100000
1101111000001011
0101100101011111
0101000110110010
1110001001110011
1111001101111010
1000110101010000
0001111110101101
1100011011100101
0110001010010000
0111011010000110
0001000101110011
1011010101000111
0111100111011110
0111010100011001
0110000011101010
1110001011101001
1000111110100001
1000001110010010
1011101100110100
0010111111001101
0000011111010011
1010001010011010
0100011001110111
1110001001001100
1011100100011101
0100100011010100
0101010111010100
1101011011111011
0101000010011011
1000111010010100
1110010101010011
0000001010111111
1011001111111110
1111101000000101
1010101101000100
0110110010001001
0010111001110010
1001100000001101
1111110010011011
0110111000011101
1100110010110011
1111001000101111
1111100110100100
0010100010101011
0010101001110011
0000110110001101
1101001010110001
1001000000100010
0110001101001110
0011111100010110
0111100100101010
0011011101010000
1100001011001101
1001110110111011
1010001010110010
0001001010111000
1111101100011111
1100000001011010
0110001001001100
1000001001110010
1000110100111100
1101000001111100
0100110010101111
1111001110011000
0000010000100010
0100111000101111
0101101010110000
1110010110111101
1001001001110000
1110001110010010
1001111100010010
0011010100011111
1100110101001111
1001000010010111
0000011111101011
0110010000101101
1100011011100000
0011000101000110
0111101001100110
0001000100101000
0101101111001110
0000000101001110
0111110000000011
1110101110010111
0000101101010110
1110000011010011
1100000001001110
1010100010010100
0110101101001110
1101101011101011
0000111001010001
1010101110111011
1000111001111110
0001001000010011
0110101101100011
0101100110101101
0001010101010011
0111100100110010
1110011010100111
0110111111101100
0010010000000001
0101010111001000
0101010000110110
1011110001001111
1100001010001110
0100101001000001
1111111010110100
0100011110011100
0100000110100010
0010001100100111
0000101111010110
0100010110000001
1110111010010010
0111001011110101
0000000001000101
1101101000010110
0011110011001010
0011101001001111
0100001010100111
0010100000100111
1010001100001010
0110011100100101
1110011001001011
1100100110011110
1001010100001110
1111000111100110
0010010100001011
0101100011010010
0001010011011111
0001000100001100
1000011110101100
0010011100100111
1011000001110111
1111000001011010
0011000110001001
0101101001101011
1110000000100001
0010101101100100
0100010010011100
1100000100000011
0100100000001001
1111001101011111
1111011001000101
1110101101101010
0111111010100000
1011101100111010
0011001100110101
1000100010000110
1010010110101010
0000110000011100
0101110111001001
0000001011110000
0110100001011111
0001010101001100
1010110010111100
1010000010011100
1010100000111110
0111110111010011
1011001101101110
1000110000011101
0110001011110001
1111000000101100
1000100010000011
1011011110000010
1000001010101110
0111100100011010
1101101100001001
0100000011101111
0111010110011011
1101001011100110
1100101100001110
0111000110111101
1000010101010110
1000100001110010
0010010101010001
1110101100001111
0000001011011100
0011110010100111
0000010111010100
0110001010010101
0100110010011011
0011101001010001
0001011011110001
1000111001100100
1000011111101101
1001110001000000
1110111101010111
0001101110001010
1111110110011101
0001001101110000
1100110111001111
0010101000100000
1010010000010110
0001010010101101
1000010001100100
0010001001001101
0000100010101000
1010011000101110
1011101001000000
1001010011011110
1100111111111001
0000100010100001
1101111101110101
1011011101101011
1010011111101011
1001100001101010
1010101100111010
1001111010100110
1100010100000111
0111111000100001
1010011101110000
1011011111100001
0110000010011000
0111101010001001
0001111101100110
1100110010110010
1110010011111010
1011111111101001
0111110001100011
1000111110100010
1001111101101100
0000110101000010
1000111011100000
1110011010100010
1110011000001010
1011110001011110
1011100011111010
1011101010110010
0010110010001100
0110001101011110
0010001111010011
1100111111001111
0011000100100101
1011011001011111
0011101100111010
1010100000100011
0011011111011001
1101001110010100
0001001111111100
1101000100001011
0011010111101100
0010111101110010
1011100000010011
0010000101110100
1001111100110000
0100010000011001
1001111101110000
1110001110110110
1010010111101001
1111110100011010
1101011000110011
1111100111101101
1011000111010011
0111001101010000
1001000010000000
0100001111111010
1111101100111011
0110111000100111
0101111101110010
1101100000101010
1101111000010111
0011011011000101
0101101110100110
1110110101011110
1010110000001011
0100010010011101
0110101000101000
0110101100100000
1100111110110011
0010011000000010
1000011110101010
1011011011010100
1111111110110011
1110011011110100
1001000001101101
0111101100000001
0000000100101111
0000110111111010
0001111011110100
0110101100110000
1100010000101011
1010110100100111
0001110100101111
0010101011111101
1101000010000011
0101000011000000
0001010000011000
0111010011101100
0110010100010111
0100111010100111
0001001000100011
0010010101000000
0101110110001110
0100111100000110
1111011111010011
1011100110110001
0100011110100011
0000110100100000
1110101011110011
1110100010100100
0000010001001111
0011011011000100
1111010011001000
1100011011111101
0000000100101000
1001011100000111
0111000100100100
1101111000110111
1100101001010110
1111011001100000
0100101101101001
1001110010100010
1111101110001111
1110000100101000
1010110010011101
1101100111010110
0011001001000011
0000011111001101
1111001010100101
0000010001110100
1101100000011000
1111011001000110
1111011010011100
0110010100001001
0101110100000010
1111100001011110
0100001001001010
1111101100010000
1001100000001101
1111111110101100
0000011111100100
1011110010011101
1001100111010011
1010000111001110
0011111011000100
0110011100100000
0000110111100000
1001011011111010
0001011001100111
1011011101010000
0110010010001001
0011011011101110
0001011100011101
0010010100101000
1110111100110100
1010011011001000
1011111000001001
1100001001110111
0011011110100111
0100101110111111
1000010000011011
1101011011011010
0001010100011110
0101101111001000
0000110100000010
0100010001011110
0011101001000000
0010000101111000
0000110101111110
1000011101111101
1110100001000011
1101101010101110
0000100101000011
0100011100111010
0111011101101001
0010000010001000
0101011101000111
0010111011101011
0111001011110101
0111101011001111
0010100011110110
0100010100110001
0011010000010000
1011001101001000
1001011100011011
1010011000110111
0100100111011100
1010100011011110
1110011100110100
1011101100100000
0011100111010000
1010111001010010
1100001011111011
0000110100000111
1011011111011101
1010001101110011
1101010110011000
0110111010001011
1101000000010010
1000011000000100
0001000001000110
1011111001100111
1000111100111101
0000000111001110
0111010110100100
1010111011000101
1101100101101111
1000010100001001
1011010111000000
0010110010010101
1011100111110110
1010001111001110
0011111111011000
1110010000011000
0100010101000100
1100100000010010
0100110001101011
0100001001000000
0000010100000000
1100100010101100
1001100101110001
1101100000000010
0100001101011101
0001010010100001
1100010100101101
1010111100111010
1000110000100111
1000001011111000
0001001011011111
0100101101100010
1100010111111011
1100010101000010
1010010011101000
0000000101110100
1010000000111011
1101101111000110
0010011111011100
1110100000111111
0000110101101110
1000100111011110
0011011000011110
0001010001100111
0000111100010001
0010111010000010
1000100010001001
0010010110101110
0011011011100010
0011110011000001
1011100010000100
1010110001101100
0001010011100000
1110101011100000
1001111100101100
1001110000011101
0110001101001100
1110000110000101
1101001100111011
0000101001000010
1100000111100111
0100011001011001
1000101010110110
0100111011110101
0000110011100110
1111101000000010
1101111111001001
0101001101000111
0000000111011100
1110110010100101
0000111110000110
1111001101101111
0101100110100101
0001011111110010
1101100111110010
0100111111001111
0001110010000101
0011111110011011
0100100010011000
0011100010010011
0100110101100110
1100110101001101
1000100000001110
1111011001110010
0101001100111101
1010111101011001
0100101110110001
0110000010100010
0111011011110101
1110010011111111
0011101000011001
1111001000001001
1111000001111111
1010011111101011
1111111000011111
1011110110010011
0101111100001010
1011011100000110
1110001111111010
0001000100000010
1011111010011100
0101000010010111
0101001111000000
0011111010011001
0011101101100110
0010011001010111
0010001100110011
0011110100101111
0001110011111001
0100011011101000
1011110010011001
0100011100101011
1110100101011010
1101101111010110
1110100110101000
0010010000101001
0000101010110101
0000001010101100
1101010001100100
0000111111101100
1110001111101101
1001011100010001
0111101111110100
1001101000101010
1111101111010101
1001001100010110
0000010001000111
1001111011001111
0110101100011000
0000111100010000
0000000010001111
1111101111000111
0011001110110111
0010100001111111
0001000001111111
0101010101101001
0010010011111111
0001101011101001
0110001010101000
0000111000010110
0010011011011111
1111011001011101
0001001001100010
1101000001110111
0111111101001101
1011010100110011
1011111110011111
0101000100011111
0111100111111110
0100101000101111
0010101000100110
0010001000001010
1001111101100010
0101101100110011
1000001001001011
1000001100110111
1010110001011011
0101100110110110
1110000000100001
1111111010011111
0100101111100111
1010101111101111
1001001010001001
0111001100111001
0011011001000011
0110111010011011
0101011100110010
0100111100001001
0010111010111111
0100101000111111
0010001001110011
0100000101011011
1110010111000011
0100111011010111
1001000010001110
0111001001110101
1000011100101011
0000101110111011
1010101011110000
0111110101101011
1111000111101101
1111001001100000
1000100111001110
0010111001101100
0010110010111111
1111101101000010
0100110000110011
1100110011101110
1001101111101100
0011111100011010
0100011111011101
0000111010001101
0100100111110100
1001100110001011
0110011011101000
0101010001110001
1101010001010010
1000000001010110
0110100110010010
1110011000111010
1000100010100111
0011100100100001
1101010010110101
0100101101111010
0101100100101010
0100100001100011
1000100000010110
1010001101110001
0000011100101100
1101100100010001
1011010011011100
1011001000111110
1001011010000000
0001000011010100
1001111011001001
0111011101011000
1100101000110100
1100011000001100
0001011001110111
0100011001100001
1100110001001011
0100000101111101
0011100000000000
1110010110000000
1101010100001001
0001101110011110
1001000010001000
0000001011000000
1110101011111010
1111000101011000
0000101011101110
1001010011000000
0000001011110011
0100011101000100
1001101000111110
0100101100010100
1000001110110101
0101101010001111
1101111001101010
0001110011101100
1101110100010001
0011010000010001
1111011011001011
0101001111011010
0111101110011111
1001010000111111
1110000000010111
0111010100101101
1001110110110011
0101111001110010
0100110010110111
0111000010110011
0000000111110010
1011000111111111
1001011111110101
1010101000111110
1010001011001100
1111000010100000
0111110000001010
0100110111010111
1001010100011001
0101111100100100
1010011011000100
0110100100010110
0101111010011001
1111101000100100
0110100001110110
1011100001101000
0010100111001010
0001000111100000
1010011101010100
1101110011011011
0000010100000100
0101000101100101
1101110111011111
0101100011000111
1001010110100100
0111000111110110
1000110000000110
0001110001010110
1011111110000110
1010011011001101
0100111000100011
1000011010100111
0001110011111100
1011100101010010
0110111100100011
0101010100110000
1100101011100111
1110000001011111
1000010001110011
0011011111010100
0000100010010001
1010011000011001
1111011000001010
0101011100000110
0000111110100000
1111000111100100
0000000100000110
0110101000100111
1000101011111100
1110111101010001
1001111010110000
0101100011110010
0001110100011000
1111011101100111
0110110000011011
0101000001001001
1100111111100010
0000010010101100
1101101100101000
1101101100010111
0100000001101111
1010001001000100
0110111001111001
0000100010001100
0001100001000110
1001111011001011
0001000011011010
1001100001010010
0010010100110101
0100110101100000
0111011001001000
1111101011010010
1010101110010110
0010101001100000
1111011100011001
1000001101100101
1111001101111000
1110110100111001
1100111110101010
0100100110000100
1010001010010111
0001100001011010
0100001110001000
0110011011010001
1100110011011010
1000100010111010
1000100100011010
0110101011001111
0110011110011010
0011100001101101
0011011000001111
0110010100010111
1000011110111100
0011111010011010
0010100111000110
1000100000111101
1101001011000000
1011111011101110
0011001001000110
0001010000011001
1000101111110010
1011010000101010
0010001010110011
0101010000110100
1110101010101101
1101111000111001
1111011110001010
1000111001010110
1100101011101110
0100111001000001
0101000111111011
1101100110110000
0111100100111000
0000000011100000
0011011101111101
1110000001110100
0011110111001100
0101000000110001
1101000111101100
0010110011011011
1001100001011001
0010100111011011
0100111010100010
0111101001011010
1000100000100100
1101011001011101
0111011101001000
0001101000010000
0100001101100110
0110000110011001
1111101000111100
1001000101111010
1100101011100000
1110010100001001
1010110010111001
1000010010100000
1000010101110101
0110111001101110
1100101000011011
0010011101101110
1000000011000001
1101110000010101
1100100100111101
1100000100001001
1010111000100110
1100010011101001
0110101010100011
1011000111111101
1101010000011010
1110111010110100
1010100000001100
0011010010011011
1111100110101000
1011011110101110
0101111100001000
0010101011101101
0011100100111000
1010001001011010
1100000100111101
1111100010000010
1100100101100010
0101011101000000
1010001110111010
0011010001001010
1010000000001011
1101110001000101
0101011111010111
0010000100110110
1100100011100100
1001110010110110
1100001110011001
0101011000111110
0000010000001000
0011100011001110
1110000001000000
0110001010101011
1011100111011101
1000001001101010
1111011001111001
0000100011110100
1000000000000101
1100100000100001
1011010110100010
1010111100110000
1100001101000000
1010010000010001
0001010010110001
1011010101111001
1110010111110100
1001011100010000
0100111100100100
0101110101100011
1011110001100010
1100001111101110
0101111011000111
0001001101111000
0111100000110011
0111100110110000
0000110010111110
0000100100110001
1101011010000100
1010000101100111
0010010010001101
1011110110011010
1001101101010010
1100011111001100
1100010101100011
0000111101000001
0001001001010010
1000110011111100
1110101101000101
0101011010011010
0001101001011101
0110011100101011
1100100111110001
1010001010101010
1011111001001110
1010100110110100
0000111001010000
0111011101011101
1001001011101000
1001001001100010
1011111010001100
1010010011010011
1000001000000110
0010000000001010
1111100110111101
0100100111101010
1100111001011000
0111101001000000
1000111110000010
1011110000000111
1110110100100110
1111000011101110
0100101000001101
1000100010101001
1101100101010110
0010111101111111
1101011111000110
1000010111001001
0100111000110100
1011011000110000
1001111011110100
1101000100100101
0001111111101101
0001110101100011
0011101000010111
1111010101010101
0110101111101010
0001001100011001
0000100100011001
1011001000000001
0101111010011110
1010001110110001
0010110011100101
1001101010110010
0111010011000110
1100111110110101
1010110110111111
0001101001011111
0011110000100000
0010000001011001
1010000101111000
1101110001011000
1011101001100011
1010000110010010
0000011100010010
0101011111011010
1001110000111101
1101010000000101
1010111010101101
1001011010001111
0011001000110100
1111100111010000
0100000011100101
0010011001101000
1111110101001010
0100111100001000
1110110111100001
0010110001100100
0001100001001011
1011100000010110
0000101011011111
1000010101111011
1001001011011101
0101011011111001
0010100101100101
0001001011010010
0001111101010111
0001100010100100
1100110001001100
0110011111101010
1000110000101010
0101000111001110
1101010010100011
1000001101010110
0110101111000100
0010010000010011
0000111101110101
1110000010011100
1001111010100001
0000010011000111
1001111101101011
1001100010010010
1110111101000010
1000000111011000
1010100111011100
1001100100111111
0101010101100110
0110110100110101
0001110001110010
1100000011111011
1000100101101011
1110110001101111
1111100010101110
1101001101100011
1111011001110101
1110001100010011
1000101000110101
1100111111011110
1100011011001000
0010100010011110
0001101111010011
0011010011111110
0100100110010000
1010001010111001
0111001101111011
0110110101101101
1000100011001100
0100110000000010
0000011000011011
1111111010011010
0001001111110111
0110000010110010
0011110001011010
1011111101100101
1010100010110111
1011101101010001
0010101010111110
1101001000111011
1111101110101000
0001100101001101
0101010001100010
0001100100011101
1100101010011111
1000101101110010
1011001101100100
0000111000010011
0000111101110110
0100110001010100
1111101111010010
1110111010001001
0010101010000001
1110101010001011
0011101001100000
0101101000011011
0010000000010001
1010100000110111
1000100100110000
0000001001011111
0110011111101011
0101000101001111
0010110000110010
0111101101110001
1101110111001111
1010100111110100
1101100111010100
1110000110011110
0010001101011101
1001011010010101
1011100100000010
0010110111010010
1000001011100110
0010101100000111
1111100000001010
1110011010010011
0110101010010110
0111001001101101
1011100110110010
0101000000011111
0111011011100100
1000110010110010
0000011111010100
0111001010001111
0100100101010110
0000011000111111
1001111010111100
0001100110011100
0111011010011111
1100000000010000
1110001011111011
1001100110011011
1110010001111111
1111000100110111
1101011000111101
1000011001011101
0101010001101001
0111101000100000
0001110000100101
0100100011010100
1100001011010011
1010011001001001
0011110111000011
0000011111010011
1010011101111111
1110100111111110
0011110110001000
0100001101100010
1110000001111101
0110100110010110
0111001001001100
1010000101101100
1001100101000100
1001000111000100
1000110111010110
1110100100101001
0111001001111100
1010110110000010
0111110000111001
0001100110001010
0000011001010010
0001001111111000
1100001011111000
1001001110100111
0110000101100111
1101110001100000
1100110111010011
0110001110011111
1101100001101000
0111001111100010
1011000000011111
1110100001000100
0100100111000000
0010100110110000
1010000101010011
1011010001101010
1010101111111111
1000100011111110
1001110000001101
0100011110100111
1001110010101100
1101001001101011
1001111000110111
0000110000011110
0011101101011000
1110100000011010
1010100001000111
0101010111100111
0101101011010000
1101100011001110
0100001110010110
0001011100111001
1011111111000110
1100110110001110
1000110111110001
1110001001001110
0110110000111111
0001010011101110
0000111100110100
0001101010110100
0101101111111010
1000000101100011
1010011100010111
0100101111001010
0111100001000000
0001111010011000
1100111001110110
1100011001101101
0000111000100101
1111111001111001
1111011100100100
0101110101110101
1010000010110100
1101111101111011
0001000110111111
0001100000101010
0000010010011001
0010000110111010
1100010100010101
1111111001001011
0000110100000000
0101110011101101
1001110100001110
0111000000101100
0000100001011110
1100110101011001
0100100000101011
1100110010100000
1010111100011000
0110101000110111
0001000100100111
0011110101001010
0111110000101101
0110100101110111
0011010011101111
0001100110110100
1110111100000011
0100110110110110
1111011001100000
1001100100111001
1101010101011111
1010011010011111
1011000011011010
0100010100110100
0101100101011000
1010101111000011
0101001010000111
0010100000100000
1000110110011010
1100001110111011
1101111001111100
0101000110110110
1100010011000010
0100001110010101
0111010111100010
1010001000110011
1110100111111110
0111110100101100
0010110111110101
0101010000101111
1011111010011110
0010000100111010
0111001010110110
1110110011011010
0011111111011011
0100000010110011
1101001010101011
1111100011101111
0101101010101010
1000101101000101
0011000111110001
0000110001000111
0010110001011000
0010110001001001
0110000000011011
0010100011101101
0001101110000110
1010000010110100
1011111010110100
1101000100100110
1011001110011010
0100011010100000
1100110011010111
1101111110011010
1001110100000100
1000000000010001
0011010111111011
1001101000010001
1001001101000000
1010110010011001
1001011101011110
1100101000010111
0110011010110001
1000111001010001
1011111100000110
1111110101101011
0111000001101100
1111101111000000
0111100010111101
1001111111011001
1100011011110101
0101000111001101
0101011001011100
1011110001100101
0100010001010010
0101011110000110
1001111110001111
0010111000000111
1101101001110010
0001100101011111
1100010100111000
0011100000101001
0001010000011110
0101101100111011
1101111011011110
1000010100101111
0111111001001100
1110101011101011
1111110001010010
1110111010111001
0101010011000011
0011101011011001
1000011000001101
1010001110000011
1100100101100110
0001000000100000
0110000000011000
1101010011100010
1110011011111110
1001110011110100
0010111111110111
0110100000001011
0001010010001001
1111010001001111
1010111011101000
0111111100011000
1101010101010110
0001000101011010
0101000110011011
0101010010111111
0001111110101011
0010110111011000
0110000000001010
1100001010110101
0111111000100100
1011000001110010
0111110111010001
0011111010100110
0111011001000010
1010010010100000
0100100101111111
1010111001001111
1111111100110101
1100100011100100
1001001010001100
0011011101011011
0110111000000111
0100111010100111
1010110110011000
1000001100001101
1001010111001011
0010101110010101
1001111010000010
0100111101110111
1100100000010010
1110011110000101
1000011010111101
0110010001110101
1110000000011011
1010111101100111
1001011101011110
1011110111100101
1011010001101011
1010111010000011
0110000010111010
1111101010110001
0011011000000001
1010000010010111
1110100101010111
0110001101100111
1111111001100111
1111001011101101
1100001111010100
1011011010011011
1001100000000000
0100000010000000
1101101101000001
1100000000110010
0100000001010001
0100010111011000
0000100101011110
1001100000111111
0011010010011011
0111000011111011
0101100110010111
0010100010100001
0000111100101111
1101100010110010
1001000100011011
0110000010110000
0110110011011001
1111110110110100
1101010001001011
1000000010110000
1010011001110011
1011000001111011
1100110101110111
0110100011100001
1110100000000000
1011000111101110
0001110011101000
1000000011011111
0001110010001001
1000100011101000
1000010001110000
1100101111011000
1111111000111000
0111011111100100
1011100011110000
1110001110110000
1111100101011101
1101101110011000
0001111111000010
0111100101000001
0110111001100100
0000110101101010
0101101111101101
0100100010110010
1100101001010000
1010111100110011
0110110110011101
1110101100110110
0111111111111110
1111011111101000
0101001111111000
1110110101110000
1001101110000001
1111100001111111
0011001101101011
0011000010001100
0101110101101101
0000110101100101
0111011110001110
0100110100100000
0101101010001001
1100000100011100
1111001100110100
0011101011110001
0001100000101001
0110101100101111
1011111110111110
1011110110010100
1110110111110111
1011001110100001
1110110011101101
0000111001100111
0010011000110100
0001011101111001
1000110100101110
0101100011010001
1101100011000001
1100010101010000
0001011000001010
1110000100000000
0111000111110010
0101001110010110
1000000001111111
0100111110000010
0100111001010101
1010010000100011
0011000100010000
1010101011110001
1011000001100001
0101101110101001
0000001000011010
0101010110010101
0001111010011010
1101001001010110
0111101011100110
1100000101110110
0111010100000110
0011101111110111
0100011100110011
0010000000010100
1111100010001100
1000100001111111
1110100100111101
1110010111101100
0110001100010001
0001110110001000
0000100111100001
0000000000000000
1100001000010010
1101001000000110
1010010100001011
1101110000010111
1111101010111101
1110100110111000
0000110111000101
0000110000101101
0110110011100110
1111000011010101
0111110100011110
1101101001011000
0001000010110001
0100010001100101
1110100100101000
0001100101010111
0000101011011001
0100000000110001
1010100000011011
0001001100010101
0001000101000000
1001110001001110
1110110101001100
1111000111101010
1110100011110010
1001000110010100
1000111101001011
0101110111110011
1100100101000101
1111101101011101
0000011100001010
0100010010000001
1100011110101111
1100000111101011
1110001001010000
1000000101110100
1000011000101011
1110010001111100
0011111010011000
1100111001111100
1011111111101101
0011000001001001
1100110011110011
0101101100100111
1110000010111100
1000111111011001
0101010101011000
0101110111101001
0110101000010001
0001100011010011
1011000101110000
0001110101111000
1110110011011101
0110110010000100
0111010000111101
0101101011110011
0011101011010100
1100011010010100
0110101011100110
1011100000101010
1001101000100010
0010010000011010
1100111111010100
0000110100000000
1011110000100010
0111011101000011
0110000101110011
0000011101101011
0101000010111110
0111000100010111
1010010011111010
1010010111001110
0101100101111101
0010101011111010
1101001100011000
0000111001101011
1010000100011101
1111101110100111
0011111001111101
1100101101001110
1101011010010110
1010011111111000
1000110011010010
0111111001110011
1011111010100000
1100010100101101
0111101101111110
1010110001110100
0011010011011100
1001111000101110
1010110011001001
1100100010111101
1000100100101110
0001110000001111
0000010000101111
1010000111000111
1110011110000101
1111110000000000
1011100000010011
0011000010111110
0101101000010111
1100110110110100
0100000011100010
1111110100111111
1001011100111101
0111011000011111
1000001011110000
1000001111011001
1110101101111101
0001111110100100
1111001111110001
0101110101011001
1000000101001000
1000010010100000
1101010011000100
1010001111100110
1101011101110001
1111101011010000
0010011010110001
1110101001101000
0101011100001011
0111010001111010
0111001000110110
1001100101011000
0111000010110100
0010110010000001
1110110100111101
1111111101111001
1111000110101100
0110101101111001
0000011001000101
0000111111001110
0000100100111111
1111101100111000
1101001100011000
0101100010011011
0101011001111000
0010110001000110
1100111110011110
0010011000001011
0011101100001001
1001010010110000
0010001110100011
0110001101111010
1011010001111011
1101001101110111
1100101101111111
0110101111101011
1000000001010011
1011100000110000
0000110100001001
0110100111100001
0001100100001011
0011001011001001
0110101001100010
1100101101011010
0000010101000001
0000111100101101
1111100111100011
1100111110111000
1110001000101101
1010100001101100
1000010100110110
1001001001111110
1111010100110100
1010011011001101
0110101111100000
0110000011110000
0110010111100110
0110000000000110
1001110110011111
0110110110010101
1000011010010001
0010001100101000
1111011100111010
0001100000110000
0101001101011101
0100101110111010
1010011010101010
0101101011011011
1101100101110011
1000010010110010
0111011111001000
1001011101111110
0111000010001110
1001110101001101
0011011000011001
0101101000001011
0111110010110010
1111001000011000
1100111111001110
0001011011101011
1000001110000100
0011011100010111
1000011010001010
0010101111100100
1001010011111101
1000011110011010
0100010111100011
1100011100001101
1101101010111111
1011111110101110
0000010111100010
0010101001111111
1010001100010001
1100001100101000
1111101111001101
1100110110000000
1101010000001111
1000010010010010
1110000001100110
1000001010000010
1101101001010010
1111000100101100
0111100111100010
1100010001110110
0000001100110111
1010110110100101
1000110010011100
1010101100110101
1001011010011111
1100001101101111
1001101001111010
1011001010000000
1001011101101101
1110110110100010
0010001100101010
1010011110001111
0111010111001001
1011110000000010
0001111100111101
0011111010111100
1000101010001111
0111100101011001
1010100011110111
0110101001101100
0001101111110111
0110110100100110
1010000000101100
1011000010101100
1000101011110011
0001010010111010
1010000100111000
0001100101010011
1101101011110001
1011111000011010
1010001111011011
1010100100111001
0010110011011100
1111010110000010
1111100010001011
1000100110011010
0111000100001010
0110011100010000
0000001000011010
1100100110011100
0000010111000001
1110110101011101
0011100000101011
0011101111000000
0101110010001111
0001000110011100
0101000110001001
1100100000110000
1000110100010111
1101111010101011
1110111111010110
0101110101001011
1110010100011101
0101011000111111
1101010100001110
0100001000011100
0011111011111001
0011011001000110
1100010110011100
1000001110000000
0100000101011100
1010111101111000
0110001100000010
0001110011111010
0000011100100010
1000011101001111
0010101000100111
1101000110010110
0001100100001000
1111000001000010
1000010100010000
0001101101101000
0001000000010000
1001111011001101
1110110100010001
0000110010110000
0001101100010000
0001100100111000
1000000001111011
1011011111110110
0011000010100010
0100110110010111
1110011001000001
1110010011000001
0011111011010011
1101011101100111
1100010000110010
0001000101101010
1001001001111111
0010111111001110
0111011111101010
0111100111011011
1011000101010111
1000010000001011
0101011111111111
0111110110100101
1011111101110101
0100010001000110
1111011101001011
1011001110001010
0000101110001000
0101100001111110
0111111011111111
1110010110101111
1010111101011110
0010101101000011
1001100010001011
1000010110000100
0010000110011010
1111110000100111
0001110010100110
0010010001100110
1111011011101001
1100100000000011
1100010001010111
1111100011101000
0110011010010001
0011101010010100
1110111001010010
1011110100010000
1110100000100010
1001111111110110
0100111110010100
1110110101000100
1111011110111000
0000010000101000
0010000010001001
1100101100110010
0110011111010010
1110001101011011
1100110011011101
1001100100011011
1000000100100100
0011010101010010
1010110101110001
1110101011010000
1001101111110001
1001010000010110
1010011100011100
0110111010100110
0110111110100111
0110101000000100
1110110111000110
1111100000001100
0011101100001010
0011010101100111
1111110111010001
1100101010001011
0111101110101110
1101001101110000
1010011100010100
1111100111100000
0100100101110011
1010111110101000
1100011100100100
1110010000111110
0110011011100000
1001000111001100
0111100101101111
1000001011010000
0100101100100110
0000110001011000
1110111111111110
1000111001101011
0000011011000101
0110011001111010
0010110101100000
0110001111010110
1010000011001000
1001111010010101
1001101010011001
1110001101101110
1100011010100101
0100011101011111
1001000010011110
1011011111011110
0010010000001111
0010001110000111
0011101110010011
0101100111001101
1101111000000100
1011101010100111
0011101001101000
1100100111110110
1010100011010110
0110100101011001
0011001111100000
0000001010000101
1100101101100111
0010111000111111
1100010000001010
0111100110000000
1000000111101001
1000110100001101
1001011100110001
1000011101100001
1101011011110101
0000100111111000
1110010000000010
0000010110100001
1001010110011001
0110100111000001
0001011100101000
1111101001000101
1111010010111101
0001110101011010
1111111111111011
1111000101011100
0001011001000101
1000011011111110
0101100000001111
0000001000010111
0100101110101001
0100101010000110
1001001100111001
1011110010001111
1000011011101100
1000011100101011
1000011000010011
1110101001110000
1000110101111000
0000001101001100
0101011100001110
1101001101111001
1000000101101011
1011001000111110
0001100011100110
1111110101100000
0101111101011001
1011010111110101
1100111100011000
1101101100000101
1110111111101010
1100010101111110
1000011101110010
1000010110110100
0111110111101010
0011010001111111
0100111000111101
0110011001001010
0111111010011010
0110000101001011
0010111110000000
1010111101010011
0011001000001100
1100000111111101
1101110100001111
0110111000111110
1000011010101011
0010110110110011
0101000010110100
0111111111000100
1100011001011100
0111110000111101
1101001101010000
1000011001110001
0011011011010011
0000101111000101
0011000110010111
1110000100001001
1011001011100010
1100001110010011
0100110110010111
1111100010000001
0001111001100010
1010100110001110
1111110100010010
0011001010110000
1100011000000111
0100111111010110
0100011000100100
1010100010010101
1010110001000111
0111011000110101
1111111010001011
1001011001100000
1111000101011011
1100010110011001
1101010010101010
0010010000010111
1010101101011010
1100111001111100
0111011011111110
0010011011100101
0000110111000101
1111111101011010
1001001101111010
0001101110110110
1111101000110111
1000010000010001
1001110111100011
0101101101001010
0000001011001100
1101000010011001
0001000111011100
1111010001001011
0010011001000101
1101010000001010
1101111000011001
1010001001101100
1100100111101010
1100101001001001
0000001100010010
0100110000111111
0001001010011011
1111011010011100
1000001101010010
0011101101111000
1100100101001010
1101000111001001
1100111100100100
1110101001100110
1100110011110111
1010010000010010
1011110111101010
0001010101110000
0110111000001010
0110000001001111
0101010111000101
1110010111110111
1001101110110111
0010011010010000
0111100110011100
0101001110100100
1101010011101001
0110100111111110
1111101010101101
1000001100001110
1101000001111011
1001101011001001
0000111010010010
1010100110100100
1001111100010100
1111011100101101
0111011101010010
0001001011100010
1001110001011110
1010111010111111
0010001101110110
0010101110110110
0100000010100110
1011001110101010
1100101100101001
1101011010101111
0000110011001101
0101111000101111
1010111100111001
0100111011100010
1000010010100011
1101101000001101
0000100011110010
1101000101011010
1011010110101111
0101001010110010
1111110100101100
0111100011010010
0111110111011100
1100101100000011
1100010000001011
0001000001110100
0001100111101000
1001101110111011
0111111100100110
1000110000011010
0101011011111000
1010011110011000
0101010000011101
1010100101110001
1001101101001011
0001100000111000
1010111101100110
0000101001111111
1010000000000100
0111100001000001
0001110111011110
0001011001001100
1000111101100000
0111010110011111
1010000110010100
0100000101011111
1110000000100001
0011000001010001
0110100100101101
1100110101011011
0110101100101110
1000100000011100
0101001010000001
1110101101100111
0110101010101011
0001110101110100
0100111100100010
1011000011100011
0111110010011110
0110100100110100
0001111110000110
1010010010111011
1110011111001001
1111110100101011
1010001101110101
0010100100101101
1110010101100011
0000110011011011
0000010010111110
0100100101111001
0010110101001011
1111110111001010
0001001011110001
0111101111000100
1111101101110100
0111111110011000
1000011101010110
1100101011000010
1000000100010000
1001110110100011
0101110100111110
1011101010001111
1111011111111001
0110110111100010
0110111000000010
0010100110100100
1000000101111010
1000110001100111
1010100010101110
1011011000110001
1010110010011011
1001111101011001
0001001000001110
0101011110011111
0101001010010000
0111110110001111
0100100110001111
0001101110111101
0000011110110100
0100101000000000
1100101010010010
1110011010111000
0111110011110111
1010010100110011
0010110010001001
1101100101011001
0010000100010010
0111001110100111
0011000100000111
0110010101010000
0000011000110110
0001101100000000
1011011001000101
0011111101101101
0000100111010010
1110000011010111
1000111011100000
0111100010010011
0110101100011000
0000001110011001
1101011111111010
0101000100110001
0011000001001011
0000111010011010
1011000011110010
0110100101001001
1110110110110011
1100000010011000
0101001100000110
1011111001111010
1011111110111001
1100111111011000
0110111001011110
0001011011001000
0011010000010111
0101100011100111
1000011100100001
0001111100111011
1000010110011110
1000100001100111
0100100110100101
0100111000010010
0110101101110110
1100011000100110
0100110010011101
0011011010000000
1000000100011000
1011001110001010
1010000100100101
1011111101100101
1000011001001100
0101001101000011
1110011010010110
1010100010111010
0010000111111100
0101011110101111
1001101000110000
1011011011001010
0011100101100111
0110000100101100
0011000000100100
0110010111010001
0000101111110100
0010111101001101
0110010111001000
0110010001010100
0001100110110011
1100111110100000
1010100111010110
0011010101111000
1100011111000010
1101100101011001
1101001110011110
0000011101011111
1110101111101011
0001010011101011
0111001000100011
0101010101000010
1001100001011011
1011110110000001
0101111010000100
0110010011111101
0001011101001110
0011111110010000
0101010111011110
0111100010001101
1100110110101001
1111110001100000
1111100111110101
1101100000011011
0000100110011111
1111010101001110
1111011000011011
1101000011011111
1101110011000110
0010100000001000
1111001000111110
1011011010001100
1010001110111000
0111100000110010
1100001100010010
0101101110101000
0000001010101011
0101110111111010
0000110100100001
1100001010111110
0010010011110011
0100010101100001
1101010000010010
1010001001101010
1110001100010011
0001000111010111
1011011110011111
1101001010001000
0001101010000111
1111110110011110
0001101101000001
1100100101001001
1010111000011011
1100100000110101
1000011010010100
0001101010101010
0000110111000101
0100001010001000
0000011111100010
1110011100110001
1011111100101111
0111101011001000
0001100110000011
0110101101111010
1001010110001111
1110110001011100
0111000110000000
0111010010111100
1001011100011010
1000101010000110
1010100001010001
0101101101111010
1101111000010101
0101001001111011
0001011001100100
0111101111010101
1101011000011110
0001001111110110
0001111110000101
1011000001011110
0111010001101110
0111001111000000
0100010111011101
1010010111111000
1110000010010001
1011101010000100
1001111011010111
1101011010010101
1011000101000100
0101010011100000
0101011111110011
0011110110001110
1001001110110101
0100000010001000
0101000100000111
1111001101010000
0000001111100100
1010000110011000
0001011100111111
0111001000101001
1101001001000101
1001000110011011
0110010110110110
1000100010001110
1001101101010011
0110111000110001
1100011010000001
0101000010000001
0010001101010011
1010101000100011
1011101100001101
1000110011001101
0000000011101111
1110000111101010
1110001111010110
1000001110001110
0001010100110110
1011101111001101
0101010110101100
0101000000111010
1100010001111000
1011111001111111
0110010011011110
1101010110011101
1000011011101111
0100001011011101
0011011001110100
0111000001011001
0101110000101101
1100111011000100
1011110011110100
1010011011110101
0010011101100011
0010100001100011
1011011101000000
1100010000000010
0011001000000110
1100111010011111
0010000100110001
1011110100010011
1111000101111101
1101010100101110
0100101100101100
1000111010010110
0011010111110100
0100011011001100
1001110001001110
0001110100111100
1101011111001110
1100011101000111
0001110011001001
0011110001101100
0010000111100011
0101000110100110
1101011100101000
0111100011110011
0101100010011110
1111001010100111
1011110101011111
1001001011101110
1001001010101011
0100111101101101
1101110011111010
1001000000100001
0011000100000101
0111010101111011
1111100001011100
0010011000110010
1110110100110110
1110110110011011
1001011101110100
1001000011110110
0110110100000001
1010101111000111
1111010010010111
1001001011110101
1010111110010011
0101000011100101
1110001001001011
0110100000001100
0111001100001101
1111011001011101
1001101111111100
0010100001110000
0101000101111010
1011010110110110
0000000100110101
1110010011100111
0000001011010010
0100011011101101
1100111101101011
1010011111011111
1001111000011110
1111010010001110
1111111101111001
0111001010010011
1100100111011110
1011011011010001
0010110001001011
0101001101101100
0000011011010010
0110101001001100
1010011000110011
1100000101101001
1010011101100110
0001110011111000
1110110110000111
1101001111010001
0100110010001001
1010000111110011
0000000000011011
1001000111000000
0101011101111001
0101000000110011
0110010101001110
0111010000000001
1100100100011001
0011010010010010
1111111100000001
1010011011101011
0101001010010001
1010110001111101
0001010011100110
1010010111011100
0101000100111001
1100101110001110
1101010010011110
1110111101010011
0100001110010110
1011001100100011
1110101111011100
0000001001110101
1100000110000001
0011010100110001
0111001000001010
0100011000001110
0011010000110110
0100110110010001
1100011111011111
0100010110111111
1000110010101100
1100011100101010
1101011001011100
1101111111111001
0000011001001001
0110000010000101
1100101110110111
1100101101010100
1101110110001111
1111010001101011
0101011000010010
1011010010100000
0110001101011111
0110111001011101
0110011001000000
0001111000011001
0100000110111101
0111100011010110
1000001101001110
1110011110101001
0011010001100101
0010011111101101
1110110011101010
1000100001111100
0010010111111011
1111011000100000
1000101000110000
1100000000001011
0000000000111001
1111100000000000
0010000001010010
0110001111110001
1000010001000111
1011011111001101
1110101000101000
0101010110111101
1110000110001110
1001100011111100
1100111101000001
0111000100101010
0100100101111110
1111111001010011
1111011011011011
0110100111111100
0100010111001001
0010000100111000
0101100100111001
0011111110110010
0110000101000110
1000111110110001
1101100110000110
0011101111011010
0111001010111001
1001000010001001
0111001001100111
0011100011100110
0011010011110111
1100101111010001
1101110100011010
0001010100111101
1000001111010001
1100000101101100
0101000101000011
1110110101110011
1111001000000110
0000001111011111
0101011110011110
1001011001111000
0100111001000010
0110001000110111
0111101011101000
0001110001000001
1010111001110011
0111001011101100
0000001010100010
1010111111001010
1000011110111110
0011101000000101
0010111110010111
0011000001100100
0011010100000000
0110101101111110
1001100100001000
1000100110000110
0111100001100011
1010000000001011
0010100101010111
0001010101111101
0111100001011001
0111010101001000
1011000000010110
0111110011010110
0000000111001010
1100010110010000
0010000101100001
1100100111010000
1000111110100101
0011110100101110
0001010101111101
1000111011110010
0101010110010101
0011010010010110
0110010001011011
1101000000010101
1000100010000010
0011001000010000
0101011011101111
1100100001011110
0010101001000110
0001101110011110
1001111011011001
0000011101000110
0100111000101101
1110111000100101
0110100011110100
0111110010110100
0101000100110000
0100100101110000
0101110001100011
1001000011010100
1000111111011110
1101111010010010
1100111110101010
0110011110101000
1101011010100110
1001110111110101
1011011001111010
1100001100110011
1110111100000110
1101001100100000
1101001011010100
0010010110000000
1000001101010110
0010000110010100
0010100011001011
1000100001111011
1010111100011011
0001111000101101
1000011000110111
0010000000010100
0001101001111101
1011011010010101
1110110001001000
0011010110011100
1101101001001000
1110001010101000
0101100000101010
0000101111010110
0111010010001100
1010011000101000
1010100101111000
1101111001010100
1100011011101111
1100011111101001
0110010110101010
1000011010101011
0100100011101010
1110101000100100
1111110000010100
0000000000110001
1000000010010111
0111111000001110
1100101111001110
1000110011111110
0101100111000000
1101000110110101
1111100010000110
1101011111101101
1100010111100001
0100010111011100
1100011100100010
1000111101111001
1001000001111100
0011110001111101
1000010000100101
0010001011110100
0000001000110010
1000111001111001
1110110111011010
0001000011101110
1110110110111111
0101101110101101
1011000001101010
0111100111010010
1110100110010110
1101011100010100
1000100110000110
0110001111010010
1001110011111110
1011011000011100
1010011111111101
0101110011101011
0011011101000110
1111000011101010
1111110010101100
1111000011101001
0111101111110110
0111011110110111
1110110011110000
1110101100110101
1011111101001100
0101010110001010
0000110111000000
0001010010011111
0011011010011110
1100010000101010
0110100100110011
1110100110010101
1011110100010111
0010111100010000
0011100001000001
0010110010011111
0111101011110100
1101101000000110
1110100011010000
1110000010110100
1001010111000111
0010110101101111
0010100110010001
0001001111000101
1100000111000001
1001010110111101
0000011011010011
1010000100010011
0100001111001011
1100101010101110
0110100000110100
1000100011001011
0001010001110001
0010011101001000
0100011100011110
1010010111100111
0001110111010001
1110100111101010
0101011010000110
1110110110000001
0111101100010011
1000100111101001
1101100001000111
1111011001100100
0111100000000101
1011100010100101
1110101000010001
1001011000100111
0011010110111000
1000000000001011
0100000011101011
1001110110001100
0101100110001010
1101101101110111
0110101010010011
0011100001111011
0100110110100010
0111000101011110
1101101100111011
1001011011111001
1100011101010011
1001111111000100
0101010001000001
1011110010000100
0000000111001100
0101011000111111
1000101101111000
0010101101110001
0001010111100011
1100010011001100
0111011010010111
1001001101000001
0111011000111100
1001100010101101
0010001011110100
0011010101111100
0000110000000101
0000010111111000
0111101011000100
1111100100011001
1000110010001111
1010101101101101
1110011111000111
1011000000111100
1000100000010100
0011010101110111
1100100111100111
1010101111010100
0111100111111010
0110100001000000
1110100111101111
1111101101011001
1100111100100001
0001000100111110
1000011011101000
1011011000010010
0011111010011111
1101111110101101
1010010010101110
1111100010011010
0100110001111001
1010001101010110
0101011011101001
1000110111010010
0001110000010100
0010100111111001
0111011001101000
1101010000100100
0000101111110001
1010010000111101
1000110101011110
0101011011000000
0001100111011001
0101101001001110
0100011111101111
0100101100011010
1010111111111101
0110100011101000
0101100001100110
0110000011111111
0011100101100010
1111100111000111
0101011001010111
1000001101110110
0111010011101001
0101111000010101
0001100100100010
1100101010110100
0010000010111101
0011101110111000
0101111000011011
0100101011000011
1000110110100110
0000111101001001
0011111111011010
1100111000110001
1110010010011101
0010110111111010
0100111110001100
0011010100011000
0100110011010110
0001111010010000
0101000101111111
1100100111111011
0101011010101110
0101111101111111
1110010101000101
1101111111011001
1011101110100001
0010110011000110
0000111011100011
1011101000010101
1111111010011101
0101101001010100
0000110010010110
0100000010000110
0100101101111100
1101110111101011
1101100001100110
0011110101100001
1111110010101110
1101101110001101
0011101100110111
0010000101110111
1011010100000110
0101011100111111
1101110111010100
0110010010111100
0011100001000100
1100011101100000
0110001111010100
0100101000101101
1100100000100101
1001000110010010
1110011001100000
1110111011101001
1001100111000010
0001011110111110
1000111110001111
0110101111000011
1001001111101011
0101011100111110
1001000000101001
0111001011010011
0101110000000001
1010001011101011
0010010111001010
0000100110000100
1011000101011010
1110001010010110
1010101000110100
1011001010111111
1101100000111001
0011010101100100
1101111100010111
0111011000011000
0111000100110010
1101000001111111
0010000010100101
1001101000101111
1101100111010111
1001111111110100
1101000111011010
0111010001000010
0101010011110000
0011110000000111
1101100100011000
1011000111100001
0011001100001110
0101000111010001
0001001011001101
1011010000010101
0111010000011100
0110001100000111
1101111011110110
1010101000101000
1101011111110010
1101001011010011
0101011111100001
0100001001111001
1001001010100001
1110010100111111
1101010001100100
0001100111110101
1011101011000010
0011110110001100
0011110100101010
1110010111111111
1110000000010111
0000110011001111
0011001100101110
0111010011101110
1001010011010110
1110100000101010
1100100101110010
1011110100000000
1111010101110100
1000010010100011
1001101001110100
0000011110111001
0110001110101001
1010011110001111
0011000111001100
0001000011000011
0010001011111010
1101101100001000
1010100011001110
0110000100000010
1111000110101110
0000011110001010
1110010101001110
0110111000100100
1101111110010000
0111100000011011
1000111110111100
1111110010111010
0010101000011010
0000111011100110
1101010010101010
0010011110000110
0111001011111101
0010100010100101
1100111110111011
1111001101101111
1010101110100101
1000100100101111
0100001100100100
1011010110100011
0101100111011111
1010001010100100
1001111101111001
1000010110100111
0001110001110001
1010001101110010
0110011110010011
0001010001111000
0101010101111010
1110000101100001
0011010001111010
1110011000111010
1001001000001101
1101100011100001
0001110001110101
0100001110011101
0000111100001110
0101101101000011
1110011110000100
1110010101010100
0011010001010011
1000000101011010
1111000111110101
0110101101011101
0111100111111111
0111100110110000
0010100111110001
1111101111010111
1110000100111001
0101000000111010
1001010110010001
1111110100011000
0110010011001100
1001001001100010
0110001010011101
0110001010000000
0111110011110101
1000000101001001
0001000000010011
1000010110100110
0001110110111001
1000101001001100
0010001010110100
0000011101001101
1000001100000101
1111101011100000
0010110010101111
0010110010110101
1011001101001111
0010011000001111
1001000000001111
0110010001010110
0101011001101011
1011001000101011
1010000100010100
0100011001100111
1000001100000010
0100100001001101
0100100010110100
1101000110100011
0000110010000011
1010111011000101
1001000011101011
0001100101111001
0001011000111111
1011011010001000
0101101100011100
0110101101010011
0000110111100111
0010111001001110
1010001100001001
1101111111000000
0111111010101010
0111011111011011
1010110100101100
1011110011001000
0011001011000110
1001100011011011
1000101110001110
1000110100110101
0111110111110100
1110010110101001
1100011110001011
1001100001110001
0110110111100110
0001110110111011
1000111111111000
1010100011111000
0100111100111000
1010100011001011
0100100011010101
0001001111100101
0011000110101000
1011110011000000
0011010101010100
0001100010011111
0011111001001001
1110110101101101
0010000111111100
1010010110001110
1000100101001011
0101011111001011
1101100001110100
0000100010001001
1101011110100011
1100111001100110
0110110101101110
0010101101010000
0100000010101011
1010100010000001
1100111111111000
1011000101000010
1110010111110010
1110010011101111
1001100000001011
0100110111110101
0111000111111010
1010100101010011
1011110011001101
1000001011001111
1000111001001010
1101010001110100
0000000110011011
0110010111001011
1010011001111010
1111001011111001
0101001101110110
1001001011000011
1001001001110111
0010000010010001
0001000001101010
1110100111011111
0100011101011011
1001111111111100
1011111001100111
1100010000011101
0100011001110010
1111010111100010
1100110101101101
0011100000011101
0100011101100011
0101101101110110
1100010001101101
0010001001110011
0100000010001000
0011100010100110
0010110110010101
0110011110001100
1001010100010111
1001111101110100
1010000010001000
1101100010001101
0011010100010011
0110101000101101
0001010101110111
1011110110110000
0000001101111110
0110101111110000
1111010110111011
1101001001000111
0011000111111001
0000111101001011
0100001001010001
1010011101111110
1010110101111000
0100101011110100
0111110101111110
0011000000001110
0101101000011111
1000100000010001
0110101010100110
1101001011011001
0101101010101111
0101001001000110
1011001101111111
0011110001000100
0111000111010010
0001000110101001
1100001011011010
1110001101100110
1100100001000010
1011111000000000
0000111110110100
1100010111010100
0010111010111011
1111101100001000
1001111100000000
1111110101010111
0011000000010000
0101010010111011
1001010010011110
0001101000011100
0100100100010110
1000100000100000
1001001110111000
1010000011001010
1010101000110010
1100001101100000
1011010011010111
1011110001011101
0001110001110001
1100001101111101
0100001100110110
0010001000100000
1110110111000011
1110100111011010
0100110010011000
0011111010111101
1011100110101101
1100001110000000
1011101100111111
0011110000001111
0011101010001010
1001111011111111
1010010100000111
0010111101100011
0110010001000100
0001011000101000
0011110011110000
0100010010100110
0100110010101011
0101010100111111
1100001011011111
1011110001111010
1011010000001001
0000000100100011
0100101111101100
0000111100100001
1000111010101111
0000111110000110
1011011010101011
1001011000001000
0000000011011000
0110111010111001
0010010000001010
0000001010001001
0100011001110110
1001011110110111
1010001100001001
1111010111011010
1101010011111001
1010011111011101
0101001100000001
0011010000011111
1001111000111111
1001110001010001
0001110001000111
0111111100100100
1101110011100110
0100000101000110
1001010011110110
1101010110100001
0011110110010010
1101111111100111
0101111000101101
1010101011011100
1100001000111001
0111000101010100
1010111100001001
0010001000000101
0110000011101000
0010110010111111
1010110000001101
0011001011000000
0110100101111000
1000010100101010
0000110101011001
1001011100110001
0000110000100001
1000111010100110
0010110100110010
1000100000100111
1101000110000011
0100101001000100
0111010001010100
0101011111001101
1010110010111010
0110000010101010
0111110101000000
0011111011001110
1100011101111011
0100110111101010
1000001101010110
0000111011011111
1111100011011111
0011001110011010
0101110000110011
0101011011111001
0001111110111111
0111011101011011
0110010111110011
1000000100000010
0110111000110111
1000101010011100
1011010101101101
0101010011101011
1100100100000001
1001001110110010
0111101110010001
1011110100110011
1101011011101100
0011001001000111
1110100010100011
0000011001101000
0010101100011111
0100001001111010
0100010000110011
1001110001111010
0101110101010101
1000111101100111
0011100111011101
0001010111110000
1010101110001010
1000110001010010
1101100111101011
0100100010000111
0111011100001100
1111001001011110
0111001110111011
0110101000010010
0010110011100011
1000110111011001
1001101100100100
0101000000100111
1100111001110101
0001011110010001
0110011100010010
0101110010001000
0111010101000010
1011101111010010
1110100111011001
0001110001100101
1010001000100011
1001011110001000
1101101111100000
1010001101100101
1001111000110010
0000001000110000
0000010000001111
1100110010010100
0100010011010001
1111001100001100
0011111001111001
0011111111011001
1100011100011111
1010101010011110
0001111100110111
0000011011101101
1100011011000000
1111000100100111
0110000011010111
0010110100010101
0010001101110111
1111001110000011
0001101110110000
0110000110111010
1111111100101011
0110011101001111
1101011110110100
1101110000101000
0011011010110100
0100100111101010
0001101011010010
1111011110110001
1100001001111010
1000010000101110
1001101011111010
0110000110010100
1111101111100111
1010010111101101
0010010111001001
1000111010110000
0010110010000111
0110010101100010
1000110110100100
1011001011010010
1010110000011101
0110010011110111
1000001111011101
0101110100001110
0010011101000111
1011010011101011
0100111101000000
0001110111111111
0101101110001010
0011000000001001
0100101010111001
0100111110110101
0110011101011000
1110000001111110
1110001111101011
1000011100111011
0000110010000110
1101101111111001
0001111100001010
0111011000011000
0000110000111001
1001000100101000
1010101011101100
1111110101001000
0001100100111111
1010110111000011
0010110000100111
1110110011110110
0110010011010100
0011010110011011
1011111100010000
1100100011101011
0101110111000110
1011100001110110
0101010111010101
0111000000010010
1010101101110101
1000101010000011
1000000001001100
1101010101100111
1010111001010011
1011110011010010
0111011100000101
0101011010011011
1110110100110111
0100010110101111
1110011110010100
1100110101100110
0110000011111010
1010101100000100
0001100110100110
1100110111100110
0110110101011111
1110100111110101
0100001111011001
0111000010100101
1010100100000001
1100011100110100
1011011110011110
1111001011100110
1100111011011101
0100010011001010
0111000111110001
1101001011000000
1011011001101111
1010001000000111
0010010111111101
0011111100001101
1100110010101010
0110000101110110
1010110110100000
0010111100100100
1100101101101000
1111111010110101
0101010111001100
1000010010011111
1111100001100100
1111001101110010
0001101000000100
0010110001111100
0111001010001000
0000100011000110
1100000010000000
1001000100011000
1011101111110110
1100101110010000
1101010111100100
0011100000000100
0110010111010110
0101000010010010
0011101110100110
1111100001010011
1000011011011110
1011010100110001
0110100101100101
0111010111111000
1100111101001100
0000011100011010
1001010010000001
0101011000001110
1111100101101111
0011111100000100
0010101111011100
0011000101001100
1001001011000011
1110100010000000
1101101011111010
0111001100001110
1110110000011001
0001000010110010
0100000111110011
0110010011000010
0111101111100110
1100000100001001
0000000101110100
1111011011010110
1010110100101010
0001010001101001
1111110010000001
0100111101011110
1011010001011010
0000111100100111
0010100111000100
0000101001001000
1001101001110110
0101100001001001
0101001101101111
0100001000000010
0010111110011110
1010010100011001
0011101100101110
1111001100101100
1001110101001000
0100100100100111
1111101110100110
0001010100010111
1110111010110011
1001011010100000
0100010100100101
1001111111011101
0111100101100000
0011101001000111
1100100011001111
1010110001011101
1010110101011100
1000000001010100
0111110101010010
0011000110110001
1000001111011010
0011101000000010
0011001001010000
1100110001011111
1011101011100010
0101110100001000
0100010010110110
1010010001111101
0101000100100011
0011001001011111
0011000110010110
0111101001010001
1111000010011101
1001001111101110
0101100110110101
1001111001101110
0111011000101100
0010111101110101
0010010000011111
0111011110010101
1000010110011111
0101110011010111
1000111000000100
0001111110011000
1100011101010011
1100111110001011
0110110000001001
0000111011100110
0000001101101001
1010111000001010
0000011011110011
1110111110111001
0010111001101001
1011100101010111
1011111011101100
1010001101001011
1110110101110001
1110011010110100
0001010111100100
1101111110110010
1011111101000100
0000001010110101
0010000001001100
1000001000011010
0101101011001100
0100001100001110
1110100010011001
1010010100101011
0011010111000001
1101111111101111
1011110111011000
0110110101100000
1101011011000110
1101111111011100
0100010111111000
0110100100111110
1010010110000111
1000000100101000
0011001100101111
0100111011110000
1110110100110010
0001000100110011
0001111011011100
1110110111011010
1001111011000100
1010001111100000
0011110111100000
0001001001110000
1101110100111111
1011011101010000
1110101000110101
1101010010011000
0000101001101010
0001011100010100
1100011011011010
1010011000101110
0101001101101000
1010001110111011
0100001100100111
1110101001001100
0000010000011011
1110010000100011
1001110101101000
0001100101100111
0100001110000101
0011000100000110
1000100110100010
0011010111010101
0101011100100011
0011000000000001
0010101000100001
0010100000010110
1100101011011011
0110001011100101
1000100000001001
1110100001000000
0101100001101001
0110110011110110
1011010011000001
1111100111011011
1111011001100000
0111000000001111
1001001010000100
1011011111101001
0101000001011111
0010001010001000
0010001000101101
0110100011010011
1001110001000011
0100100110001010
0001000101001110
0111001010000001
1110011110111001
1000001110110110
0101000011111011
1101101001001110
0101101011001001
1000011111000000
1101100000110000
0110000100010110
0101011111010001
1010111101011110
0110011000101100
0001011010111111
1110111001110110
1001101101110010
1010011100110100
1111010000010111
1101111000001111
1001100000110011
0111011001001011
0001101010111100
0000010000101110
0110101111011001
1111000101110100
1111111010001010
1000011011001010
0100111011000010
1110000100100000
0101001100111100
0111110101110100
1010110000000001
1010011111111111
1000111010010010
0101101001101101
1101110000010001
1111011001111011
0001000110110101
1111111000111001
1111000001001011
0111100100110000
0001111010000100
1111101100100011
0011100011000100
0111011100011001
0011100001110100
1101100011111010
0001010111000000
0010011110100011
0101100100010101
0100011111110011
0101100100100100
0100101111101110
0010000101000101
1000011111111101
1101111001100010
1101011111110011
1101101011110110
0000111001011101
1010100100101110
1110111100111111
0101111011110100
0000101001100000
0110110010000110
1010010010101110
0001011111011010
1101110010101001
0100010000101000
1110011010101110
1100010100000011
0000001110001110
0010110111111011
1000100010000110
1010011011010000
0010010011001111
1110011110111110
1100111001010100
1100100011110100
1010111110010111
1100001100100111
1110101001110101
1111011101010100
1100000100101001
0010110010011011
1011011111010110
0110110000111000
1011100110101110
1001001101001111
1011101110100100
0111101100101001
1001110101101011
1001101100100011
1001110111000000
0000011000100100
1000101000001001
0101111001111010
0000101101011010
0101011011010100
1111100101111100
1111110100000111
0101011100000011
0101001100101101
0111100011101111
0100000111010010
0001000011111110
0001111001100101
1101101011110111
1000011010110000
1001100010110110
1011111101000000
0001111110001111
0100001100110110
0100111110010100
1001101111101110
0010101111101110
1110110010100001
1101011000110110
1010000010111100
0011100000010010
0110111111100110
1111111100000011
1011010110001111
1100110100100101
0101110111100001
0111000111010011
0010000101011101
1001001101110110
0101100101011001
0011101001010010
0101011000001101
0010000001111101
0110011001010100
0101100001000110
0101111001111101
0101001101000111
0010110001110001
0100010011101110
0000010101011011
1001010101000010
1010110011010010
0111011010111000
0110111000000001
1110011000001001
1010010001010010
0101111101000110
1000100001101011
0001101000101111
0101101010000100
1001100101111011
1101000101001011
1011100100110000
0100110111000100
0000100001000111
1111100001000000
0100001101010000
0111001011100011
0010011010100100
0101000110100010
0111011111110000
0000101000110010
0111001100010111
1010001101100011
0100111011001101
1001110001101001
1010010111110011
0110100011001011
1000010011100011
0000110101000101
1101010011011010
1010110110110011
0000111101011101
0101110100010011
0010000001011001
1101011110000110
1010011001110101
0100010011001111
0000011111111110
1010010011001101
0101000101100101
0110000110100111
0011010100110101
1101001010101111
1001010010000111
0001111010011100
1011101111111001
1000011111100011
0100010010010000
1001110011001110
1010000010110000
0111111010111001
0111111100001100
1101101111010011
1111010000101101
1000101111100111
0010011001000111
0110010000100000
1010110011010111
0110101101001010
0010011110001100
0101101110111100
0000000000001111
0010011100001101
0111010111101010
1101001110100101
1110001110000001
1001001111101001
0110011101110100
0001000000001111
1110101110001111
0111011110110101
1011000011010001
0011010100111001
0101111101111111
0011001100001000
1010001100110100
0111010000111000
1011001011101000
0000110000000000
1100010011111110
1110111111110100
1010100011010011
1000000100111110
0110011000010000
1011001101000111
1100010010010110
1111100000000000
1111111010101110
1100110000110100
0001001111101001
1011111111101011
1011100101101101
0110000000000001
0110010110101011
0101100100111101
0010110010011010
0001101101001010
1001110100100101
0100010100111110
1101010110001010
0100111111101101
0111001100100000
0100100101110110
0101000001000000
1001010110111101
0110110110001110
1011011010100101
1101100100010011
1100001010001110
0111010110100101
0101101100110101
1001110011000101
1110111111000011
1011111010101010
1100010111101101
0110111100001010
0011100001000000
0111010011101101
0100100111001011
1100100010100111
0110100111110000
1011111111001101
0110101000010100
1010000000000010
0000001010101001
1000010001101001
1000111111011000
