0000101101011100
0011111000010000
0011000010000101
0010101011111111
0010101111101010
1111100101110000
0001111111000011
0010110111101110
0100001110011111
0011011111000110
0100000101011111
0011100010111111
0010011001100101
0001000110110111
0000010001100101
0010001011110100
0001001111001010
0011000100110100
0010011101000010
0011001101000011
0000000111010011
0000011111100010
1110010011010000
1111001011110101
0000101000111000
0000111101101100
0011011000000101
0001111001100001
0010100100111010
1111011100011000
0000110001010001
1110110000111010
1111111010110010
0000101110010000
0001000100000001
0000010001111101
0011111111100110
0010011010011101
0001111111100011
0011101111100111
0001001010101111
1110011110111000
1111000000101100
0010110010101100
1111100000110110
0010011000101000
0100011101000111
0100101010000010
0100000001011100
0111010100110100
0101000110011110
0010011010101010
0011000010110000
0010101111001110
1101010100110110
1110001010001110
0000100111011110
0001110100010011
0010001111001111
0110000010111010
0010100110101110
0011101100001000
0100111011101011
0010110000001110
0100010100101001
1111110101110100
0001000010010111
0011010010101011
0010100000010110
0001100101100110
0011011010100001
0011111110010001
0011010000011110
0001010110001100
0001000110011000
0010111111100111
0010001100101011
0010010110110011
0010010001010011
0011001111010111
1111011001001001
1111101100011110
1111010000000100
1111110111001011
0011001010101101
0001001100111110
0011101000110011
0011001111101000
0010010110000101
0000000101111110
0010101010110101
1111010011011001
0000100100100101
0001100001101101
0010000011000010
0001100000111111
0101011110110111
0011011001000110
0011001101100100
0101000000110011
0000111000011001
1101110001111000
1110100001000000
0001001111000100
1101110011010110
0000001101110100
0010111101000110
0010001010001110
0011100100000001
0100101000100111
0011101011111100
0011010011100100
0100010011101111
0010001110001100
1101101101001010
1111001001000011
0001100101011110
0100001100011110
0100111000000001
1001010110100010
0011101111111111
0101011001010000
0100011001101011
0100000011101011
0100111111110001
0001000001010101
0010110011000100
0011110111001101
0011001011011110
0100000111011011
0101111000101111
0100010000001101
0100110011010000
0010010100010100
0011000000011010
0100111101001110
0011001111001101
0010110111101001
0010101000010111
0001110010111111
0000100100100110
0000101011101101
0001110010110101
0001000101000111
0100000111010110
0010011101010001
0010101110111100
0001110110101000
0001001000010101
0000111001101010
0001100000101101
1101101110111111
1110100101100111
1111110110010010
0000001010101110
0000100001000101
0100110010110110
0011011100111011
0010000110100001
0011010000000111
0001000001111110
1110001000101011
1111110010001100
0010001011011000
0000011111101111
0000100100100110
0010100111000011
0011101001000001
0100010010100001
0101010101010000
0100011010100100
0100000110000010
0011011011110101
0001100011011101
1110000001111001
0000111001011011
0001101110010011
0011101010100011
0100010111000000
1000001101000111
0101010001001000
0101011011001001
0010101111100110
0001011000101011
0011000101101000
0000001100100000
0001111011010001
0100000110010101
0100011100111101
0011001000010011
0100101000001111
0010101110100110
0101110111011111
0010110001011110
0100010101111100
0100100100101100
0011101001101001
0010011111011010
0001010101101001
1111011111110011
0000001000100001
1111101000100111
1111100100000001
1111110001101100
0010000010010101
1111111001011100
0010000101110010
0010010110010110
0011000000101100
0011000010011001
0011100110000000
1111110000101110
0000111100000111
0001111101101101
0010110101111000
0010100001001100
0011111101011000
0011011100001110
0001011101111110
0010001011110011
0010010010101100
0001011111101110
0000101100011100
0100101100010101
0001101100001001
0000000000001110
1110111110111010
0011000110110110
0100010001011000
0100101110011001
0101010101110101
0110000001001010
0100101001111111
0010011000010011
0000111001000101
0001111010100001
0001101011100111
0100100001001001
0110101011101100
1000011010111111
0111101110111101
0101111100110101
0010111001010111
0010001001011010
0010110110111100
1111110010001100
0010001000001111
0101000101000100
0100100001100111
0010101111011100
0101101111000011
0100000011011110
0110001010011110
0100100100010100
0111000100110111
0110011110010110
0101010101001111
0101001100111100
0011000010001110
0000101110010000
0001010011011010
1110101101001011
0000001011011100
1111100101010000
0010101100101111
0000011001000001
0010110110011010
0011010111100101
0011100010010011
0001111010001110
0010000001110110
0000001100111010
0000000010000110
0001111011000100
0011111101011011
0011000011101010
0100001100000000
0011111100101101
0010000110101010
0011101010101011
0100000001001111
0011000110010001
0010010111001010
0011010100111111
0000001001001110
1110010010001100
1101101110011001
0001000000101101
0010001101101110
0011010111010010
0101001101110001
0110011100011100
0110011010111111
0100101111011010
0011100111011101
0101110110100001
0100001110111101
0101111101001101
0101101010000101
0111111101010100
0100110110100100
0100000110111010
0000101110111001
0000100111111001
0000011101010000
1110111011100111
0001101100110010
0011101101000011
0010100101100011
0001101010111101
0100001100101010
0010110001011101
0101010100111010
0100100010000110
0110011000111011
0110011001000001
0110000110110111
0101010101000100
0010110011011111
0001001100011101
0010111010010001
0000101101011001
0000010101100001
0000110011101010
0010000001001100
0001010001111111
0011010110111010
0011001100010111
0001100101100010
0001010100101010
0001110000010010
1111111011000000
0000101001110110
0010111001100010
0011110100101100
0101001101000101
0100101000001000
0101011100010101
0011111000010011
0101100111011001
0111000001011010
0110000101111101
0101000110001000
0100011011011111
0011000001111110
1111101000110001
1111100110110101
0010100110111000
0010011111100110
0010001000011101
0100110001111110
0111001101011010
0101101100100100
0011111110001001
0011100011000001
0110001000100001
0101110001110111
0101101101001000
0101101000001100
0110100010101110
0100011010100001
0011100010001110
0010000010011010
0010100100000100
0000111011101010
1111100100000100
0010111000111011
0001110111100101
0000110101101001
0000010010001100
0001111101110011
0001000010010100
0100011010011100
0101010011011010
0100111111110011
0011000000001010
0011100110001010
0100001000010100
0010000100001100
0001000001011001
0010100000101001
0001101001111010
1111011000111011
1111110101011000
0000010001101011
0010001111110011
0010110101110101
0011010110100010
0010000011111100
0001111110110110
0010010000010001
0001001001000110
0001001010111010
0011111101001000
0010100111101101
0100110000111110
0101101100001000
0110101011010101
0101101010111110
1010001111111100
1001111100010001
1000000111001001
0101101111111010
0100001000001100
0010001100000010
1110111101111010
1110011111010110
0000011000101010
0001010100010111
0000000001111011
0010111001001111
0101101100000101
0110100101111010
0011111100100011
0101100111100000
0101001101110101
0100011101111110
0100010000010000
0100111111001000
0011000100111101
0000101101000100
1110111001100010
1101000000001110
1110100010101111
1101000010101101
1100010001110000
0001000000101000
0000111101110110
0000110111110000
0001101111100100
0001110000011110
0010001010100011
0100101100011101
0111001101101100
0110010101011010
0101000010011001
0110011010001101
0101011101010010
0010110001011001
0000100110101100
0001001000000001
0000011010110001
1110010011000000
0000011100000110
0001111100110001
0010010000001110
0011011010011100
0011111010001111
0011010111011101
0100111000000111
0101100001100101
0101101010011111
0101010111110011
0110110101100010
0100110000100010
0100110001010111
0101001001110110
1001010111101000
1000011100110100
1010010111010110
1010101001000010
1000001011101110
0110000111100110
0011110011100011
0000001111100010
1100101011111110
1101101001001011
1111101100000111
0001001110110000
1111110100101111
0010111101111110
0101101001110111
0100010110001011
0010100111110001
0010100000001011
0010000101110100
0010110010101001
0101001010011000
0100100011001100
0011011000101110
1110101011111000
1010110111110001
1011010001001101
1100100011001000
1010010100101100
1011100000010100
0000000100011110
0001100101000101
0000010111000110
0001111111011000
0001011111000010
0001100100111010
0011000101101011
0101010001110110
0100100011100110
0100010010011101
0110000101011010
0100110100001101
0100011011101111
0100101010101000
0100001110011001
0010000010111000
0001010011101010
0011010011000001
0001110110001101
0000100100011011
0010001100110000
0001101010111111
0001000101001011
0001010000000001
0010000110110100
0001100111000100
0010000101111010
0011010111110111
0010011000101111
0010110101100010
0011011010111101
0110101011111010
0101010100010101
0110011011110100
0101010000111011
0100000101011011
0001111010011000
0000010100100001
1111110101001101
1110011000001110
1111100101110011
0000101101011100
0010010110011100
0000110011011010
0001101110100001
0011111011100011
0100110000000101
0101001100010001
0010001000010101
0010011000111000
0100001010110010
0110001000101111
0100011011010100
0100011011101100
1111100100010100
1110010100100110
1110001110111000
1111110000110001
1101010001100110
1110011101010001
0011111101101110
0011100001000100
1111000100111010
0000111010011011
1111111111001101
1111010100001111
0001100001100011
0100001011110101
0100010101000101
0101010110100010
0110001110100110
0011101010100100
0100001101000110
0011110101011111
0001000001010000
0000100000100101
1111011001111011
0001010010010000
1111010010000111
1111100010010100
0000011110101001
0000010101101101
0001010101001001
0011010101101100
0011000111100010
0001101000000000
0001011000111001
0001110110010101
0000111111000000
0000101000101001
0000111001110011
0011111011010101
0010111000010011
0100001101100000
0011000100110001
0011010010101100
0100000000001000
0010111100011001
0011010111111111
0010001010100000
0001000000101101
0000101100111100
0010110010100001
0000010011100111
1111001101000011
0000110110001101
0001110101111010
0010011100101100
0001001110111101
0001010110110110
0010010001010000
0100100100001101
0100110111101110
0011010110010101
1111000010111100
1110000110010010
1111101111000100
0001001010111101
1110110011011000
0010011010000111
0110011010010110
0100110111000001
0000001010101010
0011010100001100
0000110100011001
0001011100010100
0011010101101011
0011111100101011
0010100001100011
0011111100000011
0101000100000000
0010001100111101
0010010001000111
0011001000101011
0001100100001001
0001011110011110
0001000011001001
0001010111100001
1111100011111100
1110110111101111
0000011010101110
0001110101100110
0010111111100100
0100010010000000
0101001100100101
0100111001101011
0001010011001000
0001011111101000
0001001111001011
0001001100101111
0000010011110001
0100000111101101
0100111110010110
0100011101001011
0100001111010000
0011000010010010
0010000100100010
0001100111010110
0010011000001100
0000110011001100
1101110000110000
0000011011000110
0001110110011000
1111010100100011
1101100111000011
1110110000101001
1111110100000110
0010110010111110
0000101110000100
0001000010010011
0010011000100011
0011011010110001
0000111110100100
0000110111011111
0010000000100100
1111110110010001
0000010111110010
0001101110011101
1110101111110011
0010000100110111
0101010101111111
0110011101101111
0001001001000111
0100011000010010
0000010010101111
1111110011101101
0001111010110110
0010011110111000
0001110010101011
0101010111110101
0111001101110001
0011001011011001
0001110111010001
0011000000110111
0010110000110011
0000001011000000
0010011101001010
0001111011000000
0000100010111110
1101000101010110
0001010100000010
1111011000010101
0001110101101110
0001110111010001
0010011111100111
0011110100011100
0000110111001100
0000100110101000
0001111101011010
0001110001011010
0000000001101110
0001101001001110
0001001001011010
0000011101000011
0001010000011001
0001110110111000
0001101011101000
0011011101000111
0011110011001011
0001111011001110
1111110110001101
0000111111001000
0001011000001100
0000011111010000
1111100101101101
1111000110111001
0010010100010110
0100110000101000
0001110000010100
0001100110010011
0001101000000001
0001111010100000
1110111001001000
0000010000110001
0010011101110100
0001000001001111
0011011111000010
0011101110000110
0001000000111111
0010110111011110
0101001001111111
0101100111110100
0001100100001110
0011000110101011
1111111110110111
1111110001111010
0000011010000111
0000111101001101
1111011000110001
0011100100100010
0010100010101000
0000100000001001
0001010010000011
0011101010000011
0011011111001110
0001100111101111
0011001101101000
0000010101000011
1111100000000001
1111000100111110
0010001011101101
0000001011000001
0001011011110010
0000110011101010
1111001000010111
0000011111100101
1110010110101111
1100110001011111
0000011011100011
0000111001101100
1110101011001111
0000010111100111
0001001000011000
0000000101110011
0001000101010111
0011000101011001
0011011001110010
0010110100010001
0011110111111100
0011011011011010
0010010110101111
0010110101100000
0001111101111110
0010010010010111
0000100000101111
0000111110110111
0010100000101110
0101000100101000
0010001010100001
0001100111010110
0000001011110101
0001001111111111
1111101001000100
0010001110101111
0010001100101010
0001110100010111
0100101001100100
0110010111010010
0010111011001000
0011000000001110
0100001111110011
0011001110010111
0000110111110101
0100010010111100
0000100101101111
0000001010110101
0000000111001110
0001101000110101
0000111111110110
0100000011001000
0011011101001011
0010000001110100
1111111011110100
1111110011110000
0001000011111010
0001111011000001
0100110000010010
0000100101011001
0001100001000111
0000110011011101
0010101110001001
0010010010100101
0100010110101100
0001101110110111
0000101101101000
0011000001101101
1111011101100110
1110000101001010
0000111110100001
0001100001110011
0000110010101111
0010001111010111
0100010110100100
0010100100111010
0100110001001001
0110001010010000
0011110101100100
0011001101100110
0100001000100110
0011000010000010
0001001010011110
0010000000100101
0000100010001100
0000010000001111
1111110010000111
1110111101000101
0001100110011111
0100110001101110
0010100001100000
0000111010010010
0000100111001100
0001010101111100
1110111011011001
0011011100000111
0001111010100111
0000110001100101
0010111011110000
0101100101001100
0100000100101110
0101011101010000
0011101100100000
0011111111101101
0000001110000110
0010100100100011
1111100101001100
1111001101101001
1111110010111011
0010000111000110
0001100001000000
0011101111011011
0101101001110011
0010010001110101
0000100110101111
0000111110001001
0010111000100000
0001110101001010
0100010101101001
0000001101101001
0000010101101100
1111011011101001
0010010000011011
0000111011011111
0011111010011010
0010111000010010
0001010001000101
0011110010111011
0011011111111111
0001001110010100
0011101001010101
0011001010001000
0011000101001001
0100110100010110
0110101100111100
0111000110010001
1000011011100010
0110100000010010
0011000010000010
0001111111111010
0000100001000000
1111100000011110
0000110101010100
0010110101001101
0001000000001111
0000111110001111
0001101100101001
1111100011010100
0000111010100101
0100001101011111
0011100010111111
0010110110001010
0011001011011100
0001101001101001
0000010000010100
0011101100001111
0010111001010001
0010100010100010
0011010100100011
0110010010011010
0100100110101100
0101001000100011
0100111110101110
0100000111110010
0000101111010011
0010011111000101
1111110010110100
1110010110100111
1111110110100100
0001110110110111
1111111001110111
0011001100011111
0011001111010010
0010000001001111
0010000001000110
0010101010111001
0001110100000010
0011001001101110
0100110011001100
0001110110011100
0010100111001001
0010001010101001
0010111101001100
0010111010000011
0101001001100000
0010000101101100
0000100111101110
0010011100001011
0001011110010101
1110100101111000
0000111111101100
0001010101110100
0000100011101111
0001001000100000
0101000011101000
0100111000101110
0101000101100111
0100001101001100
0100000101101011
0011011010001000
0000101010011101
0001001001100111
0011100100101000
0100100011101000
0001111101000100
0000111011111001
0000011000111001
0000101000001100
1111100001100110
0010110111010000
0001111000111010
0100101010101110
0100001100100010
0100010100001000
0011011111010010
0101001111110111
0010110010100000
0011000010011101
0010101111000000
0011011001110101
0010001010100100
0010001010000111
0010011110000011
0001001011001001
1110110110101100
0001001110011000
0001010011111110
0000000110011101
0010000110110101
0011101111010110
0011101000001101
0011001101110011
0010000110000101
0000111111010011
0000011111010110
0010010000111000
0001110000000001
0011001101010111
0011010001011010
0010101110011110
0011110000010001
0011110111001111
0101011101010001
0100111010111011
0101000111010110
0000111010110011
1111011110101010
0001001010111110
0000110110101100
1110010111000100
0000100010100010
0011010111000000
0011101111001011
0100011011001100
0110110111110111
0100001110111000
0011110111011000
0001101010101001
0010010011010001
0010010011101111
0001011000000100
0001000001010111
0011111011001001
0100100011111101
0010111111010100
0001110001000010
0010111011110101
0001101010100110
0000110001111010
0010101000000011
0000100111110000
0000111000010110
0011111001100000
0101010011010111
0100001010001101
0100000111011010
0011001100101010
0011010010100011
0010101011110000
0100011010111110
0010111000011011
0101000110010110
0101001000011111
0010111110010010
0001111000001101
0011111010101111
0011000100100000
0000100110001011
0010110010110101
0011110011011101
0011000101010010
0001101001011000
0010011011010000
0010000011010010
1111100100110101
0001011010100010
0000100101010011
0001100110101001
0000100101100111
0010011001001001
0011001100000001
0100000101000111
0100110110101110
0101101010010011
0100001110111001
0010110010011011
0001010011001110
0011000001111001
0000101011010110
1110110100111011
1111010111000100
0010101010010001
0100010110000110
0100010010100100
0110101110101001
0101101111110111
0100000011100100
1111111110101010
1111111000110000
0000011000110110
1110101011100101
0000001111011001
0010000111001011
0001100100100000
0000000001011011
1110011110111011
0001000110011111
1111101001111011
0001011101000100
0010100110100100
0000001101011110
0000001110111000
0100001110100010
0001101111000001
0011000001001000
0010100000110001
0111101001100100
0110001010010100
0100001010001010
0101100101100000
0101000111010010
0101111111101111
0110110100000010
0011101001001101
0000000001000101
0010000011001001
0010010011101010
0000100010100001
0001011101011011
0100100010010001
0010010101101100
0001010101101100
0010111011101000
0011000101111110
1111010100011100
0010001001111010
1111111111000011
0001011000011101
0000101000011010
0001110000010101
0011011001100101
0100010010111011
0011010011010010
0011100111100011
0011000011011100
0000001010000000
1111000100010000
1111111111010100
1110000110111100
1101011000100111
1111011111110000
0011001000101110
0100111011100011
0100001111001000
0111000000101001
0111010111001010
0101010101001011
0001101011110011
0001110011110011
1111111000001000
1110110011000101
0001011111000110
0010101011010001
0001111100011101
0000100100000100
1111000101111110
1111110101100011
1110111001011000
0000110001110101
0001010011111010
0000011000010010
0010011101011001
0101000001101000
0000011001010100
0001110000010001
0000111000010001
0101010110011010
0011110111101110
0011101110001101
0011101010111110
0010001100110111
0011100101001011
0110110000011001
0010110000011100
0001110111011011
0011001010010011
0010101010011011
0000010100100011
0010111000001110
0010110101001110
0001001011011011
1111011010001000
0000100101100000
0001010110010100
1111111100010111
0001001000010111
1111101100110000
0000101110111011
1110110101011000
0000111000110111
0010110010111100
0001100111111111
0010010011101111
0011101011001100
0001100100100101
0000001111001110
0000100101011101
1111010000100100
1101000001011110
1110010110001011
1111111111010100
0001111001010000
0011101110001011
0010011101110101
0011100111101000
0001110111000010
0010000010001000
0001111101000001
0010001101101100
0001101100000100
0001111011010100
0010100110100001
0011100011100111
0001110110100100
0001101000011011
0001011010111110
0011011011011001
0000111000000000
0001111001011101
0000001010100001
1111011111111111
0000000010011011
0010000100101010
1110101101010100
1111111100110100
1111011011101111
0101110000010101
0011001110100010
0100010101010011
0010100011010110
0001001110010111
0010000111001010
0100001000111100
0001110011101010
0010101011010111
0010110101000110
0001110001011110
0000100101000001
0001110011010000
0100100000111111
0011000110010001
0001110101100000
0001110001110101
0001101110100001
1111111110010011
0010000100011111
1110111111001011
1111100011101100
1111000001011101
0010010101100001
0010111011101101
0100011000101101
0010101000000001
0010101000101000
0000111011011111
0000011101000000
1110011010011101
1110011101111000
1101011110010101
1100111001111001
1111111100110100
0010011111110100
0101001100001111
0010111000000101
0011101001111011
0001101101011110
0001110111110001
0001111110010110
0011011000011110
0010000000010111
0011000000100101
0100010100010110
0010100011010001
1110100100001100
1111000110000100
1111101100000010
0011111111011111
0010110011100101
0100100011101000
0001100111100100
0000011100011001
0000000001010001
0001100111000010
1111100111001000
0000011101110001
0000010001010111
0110000100110101
0011011001100010
0011101111011100
0010100110011111
0011001000101000
0011011100011101
0011111010101100
0010011111000110
0000110101011101
0000000101100111
1110111001100111
0000100100000011
1111110101001101
0010111100010011
0001100010011011
0010100100100011
1111110001100001
0010000110010010
0001001100101000
0010110101111101
1111101000000111
0000001011011010
0000101010110111
0010001001101100
0011101001111010
0101001110011100
0101010000100000
0100110001111111
0011010110011000
0000100010111010
0000101011000000
0001101001110001
0000011100010010
1111001101000001
0011000111101011
0010010111101010
0100101100010001
0010100000011111
0101111000111110
0100110011000001
0101001000000000
0100100100100011
0100110000101010
0010011010001110
0010100001101000
0011110100011011
0010010100101011
1111001001001011
0000001001101100
0000000100000010
0011110010110100
0100100000110010
0110101111011001
0100101011111101
0010110001001010
0011001010100011
0011111000111111
0000111100001000
0000101111101011
0001010101110101
0101001010101100
0011101101010000
0101110011100000
0100110100011100
0011010101001000
0100000111110001
0100001110011100
0001001000001100
1111101010101111
1110010101100111
1110101101000111
1111110110110101
0010010000110010
0011101000110110
0001110010010100
0010110111110000
0001001001110000
0001000001110011
0000000101101010
0000000110001011
1110010111100100
1111000000100010
0001101100000001
0011010111001000
0100011111011110
0011110001111001
0011000011001101
0010111011100111
0001010101000110
1110100010100111
0000110101000010
0001011101101100
0000110011001001
0000010111100111
0101000001101110
0010110110111101
0100010010001001
0001101010010010
0100101001001001
0001100110110010
0010001110000110
0011001100101001
0100100111000011
1111101011111011
0010001101101100
0011101010100001
0011010110000011
0010001101111100
0011011111101001
0011001110001110
0101011011111101
0101100010010001
0110100110101011
0011110110100000
0001100100100001
0010111000010001
0010110110100110
0000110000111100
1111111101100101
0000011100111000
0010001111001111
0000101000010110
0011001011100010
0010101110110000
0011010101010010
0100101011011010
0100010111110000
0001001101010001
0000100001101100
1110111001110111
1110010101001100
0000010010110111
0010110111111110
0100000010001110
0010001110111111
0100000100110101
0000000001110010
0000100111111100
0000101000011010
0010110001110100
0001010000001010
0000000110111011
0000111001011000
0010101001011100
0001101111100010
0011010001101100
0011010001101110
0100100000010111
0100001010001110
0010011001101000
0010000101110111
0001010010100110
0001101100000000
1111011011011100
0011010000100110
0010001000100100
0100011101011111
0010001110011100
0100100100001011
0001011101000101
0100010101111001
0100000111000011
0110010101101000
0011010011100110
0011111110101101
0010011110011000
0010110111011000
0000100111011011
0100001101101111
0110001010110111
1000101000110100
1000001001100001
0110010001001101
0100001100001011
0001000000110100
0011011101111011
0000111100010111
0000110100101100
0001001111111111
0001011111100110
0011100001101111
0001111111001010
0100000001011111
0101101001111000
0101100100110010
0100101100010100
0011111101000010
0011100000111001
0010000101110010
1111011101111000
1110101000100011
0010010111110101
0010011111101110
0010110010010100
1111110101010000
0010111011000010
1110010010100010
1111000111010011
1110110101100111
0000010101000110
0000011001011100
0001100000101011
0100011101111111
0101011011110101
0100011000101010
0011111100111010
0000110011100110
0001101011111101
0010100100100011
1111111011001010
1111100101010100
0000011000000100
0000110100110010
1111001100100011
0010011111110111
0000111011100001
0011100111001000
0010101011101010
0100011011000111
0010111011010111
0101101111110111
0011110101001101
0110001100011010
0010010100111010
0100111000011110
0001000011011100
0010000110100101
1111101001111101
0010101101111000
0101101110101010
0111111101111001
0111110010001010
0101111110110111
0110100010000111
0100000000110011
0011111001011000
0010001010000001
0011011010011111
0001101111000111
0001000111011000
0100100101101100
0011110000111010
0100110000010111
0100110111000110
0100101111000011
0011101001111111
0011000000010000
0001101001011101
0000011001111110
1110000100111101
1110111110101000
0010010010100111
0011101011100011
0010011111111111
0000110010111111
0010001111101110
1101100100000111
1110100110001110
1110010010101100
1111001100001100
1111101010000101
0001101001010000
0010111111011110
0010111110010100
0010010010100110
0001101101101111
0000001110000100
0011000101010101
0011111111011000
0010000010101011
0010100001011101
0001110110000011
0010110101111010
0011000100100100
0101000100011110
0100000011111111
0100101101100101
0011101011111110
0011000011101001
0010101001011000
0100000110000100
0010010011101011
0110000001000001
0100100111001001
0100001000110010
0001001110001011
0011110001010011
0000011111111000
0001111111100001
0100010010111001
0110011011010110
0101000101010111
0011110000010011
0100100001111110
0001111110011011
0010101100111000
0010011010001010
0100010101111110
0010111011100111
0100110010100001
0011011100010111
0000011100010011
0011001101110000
0100010011000111
0100011001011001
0100100111011000
0101100010001000
0100110110100100
0011100010011001
0001000000001101
0010000110000110
0101011111010000
0101000101001110
0011010010101101
0011000001011111
0100001111001011
0001011111010101
0001100110101101
0001100101000011
0000101100100101
1110001110011011
1111010100111011
0000011111100100
0010010110100100
0001110010001111
0010101110101111
0010010110010000
0011110000110100
0100101011000100
0001111110000110
0001110010101010
1111101011110110
0000110011100110
1111110010000110
0001100001011101
0010100111101001
0010000100001100
0001101110000010
0001011011101101
0001111000000011
0001110111001110
0010110111100011
0011101001000010
0011100010100101
0010100011110011
0000010101010010
0011101100001111
0010110010011100
0100100011001100
0101011000100110
0111011101100111
0111101000000110
0100111100111110
0101010100100011
0010111010011100
0010111010100110
0010001010011100
0011101010110011
0011010000101111
0101111001110111
0011010010101101
0001000000110010
0010001001110110
0100000000010001
0101101011110011
0100101111111100
0101010110000011
0100111111001001
0010100111010101
0000101000011111
0010111001010111
0100110110111001
0100001000101000
0010110100110110
0010110110110000
0010011101001100
1111111011000110
1111100110010101
1111101111000010
1111110101100010
1110111100111001
0010011110110101
0011011010011001
0100000101001001
0011010100101010
0011010101110100
0100010110111001
0011011101010101
0101000110010000
0001111101111110
0001111111100111
0000011000111101
0000110111011100
1111100110010011
0000111010110101
0000111101011111
0000001100101101
0000110111111101
0001000110111110
0010111001100000
0010111001000111
0011110010000100
0101011101100101
0101101011001110
0010110100101001
1111100111100011
0001101011000000
0001011010001110
0010001100101111
0100000000101110
0100110110100011
0101011000000110
0010111010100011
0100001111000011
0100100000101010
0011000010000000
0010011011101111
0100011001010101
0010111100111010
0101010110011010
0100000111100000
0011000011100110
0011111110001011
0100100010010111
0101110001001111
0110010111111110
0101011010001010
0100010110100000
0011100001101001
0000001100101101
0001111000111110
0011001101100000
0011010111000001
0010000010111101
0011011001010010
0100010001001110
0001011101101110
0000011101100110
1111101111000100
0000001101101110
0000010110101001
0101010000100100
0101101101011011
0111010000000101
0101100000110111
0011100101100111
0100001010000000
0000111111110010
0001100110110111
1111000010001111
0001000011110011
1110001111000100
1111010111001000
1111101111100111
0000110011010011
0000010010001000
0000000001011000
1110101111111000
0000010110000110
0001011000010001
0001110001111000
0010100101001111
0100010111000100
0100101001111101
0010011110000100
0001011011001110
0001010001101100
0001111001110010
0010001110111111
0010010110100011
0011110001101001
0010110011100111
0010101110000001
0010101001011100
0001111110111101
0000111001111101
0001011110001100
0011111110110001
0010100110111110
0100000101101110
0010001111001011
0010100000100110
0011101000010101
0011001010111001
0011001011000111
0011001110001011
0010101110100011
0001110100111111
0001101011000001
1111000110011010
0001011110010100
0100001000010001
0100011000010011
0011010110110011
0110000111011100
0101010000111010
0010101011011111
0010100010101010
0001101010001101
0001010110111100
0010101010001001
0101101110111110
0100100110111100
0101110110001010
0100010000110010
0001001100111011
0010000010100001
0000110101100001
0010110000010010
0000110111100110
0010000011101011
0000101000110011
0010010010000010
0001000101110011
0001111101101000
0001011110110110
0010010101010011
0000110010010011
0010111001001000
0011011101010100
0011000001111110
0100011001100111
0011110110110000
0100100111001001
0010110010000001
0010010000010110
0001100110001000
0010001011101010
0100000001101011
0101110011000111
0100100001011000
0100100110100111
0011011101001110
0010110111100000
0010110011111100
0001110000100011
0001101010111000
0100101000000011
0100101111101010
0101110000001100
0010010001010101
0010101011001011
0101100111001110
0100000001001110
0100000100001100
0011111011100000
0100000001111111
0011000001100010
0010001000110111
1110110101001111
0010000100100010
0010000101110010
0011111100110010
0011000001001101
0101001111000100
0011000111111111
0010011010101111
0010000010011001
0001010000101001
0010100001100001
0011010100000011
0110011010010100
0100100100011000
0101101100110000
0100110100111111
0001110110010000
0010110011100101
0001011000100100
0010010101111101
0000111001000000
0010110000011011
0010110100001111
0100100001001001
0010010100011110
0010101010001010
0001011110110100
0001001101110010
0000000110110011
0010001010001010
0001110000100001
0001011101111101
0011010100100101
0010101111011010
0011011111101111
0001110100011010
0011011101000001
0000010110000111
0010011001011111
0010101110110011
0101010001011011
0011110101001001
0100101100011110
0101000010000101
0100100000000001
0100011000000100
0001001000111110
1110010000001111
0000100000101111
0001000110101110
0011011010110100
0100001111010000
0011110101000110
0101101011101110
0100100000000000
0101010011000010
0011101000100011
0010101011110011
0001010011101010
1111001101010010
1101011010101001
1111010010110101
1110110111110111
0001111110111100
0001100110011110
0001011110011001
1111010110100100
1111010001110111
1111011101001000
0000110100101011
0010010001000101
0011100010100110
0101000010101111
0011100100100010
0011110000101101
0011100101101101
0000111100110000
0010111000111000
0010100110000111
0010011111010000
0010010111000001
0101011001110101
0101011011100111
0101000101011000
0100001110111100
0101010100110001
0100001110001011
0010111001001110
0010110010110001
0010110111011100
0000101111111011
0001011011111101
0011110000000000
0010101000111110
0010001011101101
1111111101001001
0010011101100111
0001000000101101
0000110101011111
0010111010000101
0011100000001100
0000111000110001
0001111010100110
0011101101000110
0001101111010010
0001100101001111
0001001100100000
1110111101111000
0000001100000100
1111111100100101
0000010010011111
0011101001011010
0010100010111111
0101001001011100
0010110101001101
0010100001010000
0011100110111100
0011100000010000
0011010111011001
0001000111001011
1111000100010001
1101101010001100
1111110101101111
0010000100000100
0000111111111111
0000111011111111
0001010011110011
0001110110100101
0001100110111000
0010011011111111
0001111101011000
0100000011101101
0100010011000001
0001010011111101
0000001010111011
0010010000101000
0000110001110111
0000111011001000
0001011011111101
0010000100110000
0001101001011101
0010101010110001
0011111011101101
0011000001100111
0010100001101000
0100000110111011
0100011000111111
0011000110111110
0011101001100110
0100101001111001
0000111111011101
0000101000000110
0010000110011000
0001010111001011
1110001010100011
1110010001000101
0000010010011100
1110101001001011
1111100010110101
0001101100001110
0001011011111010
0000111110011000
0001111010011000
0001101101010010
0000010101000101
1111100111100011
0001111000011001
1110010001000100
0000000101001001
0000000010111010
0001010000010000
0010001010101101
0000111111000000
0101000000110010
0011010000011101
0000100111101100
0011100001010001
0011001011100111
0010100110100110
1111011111001000
1111010001001101
1111010011011101
0000011001011001
0010110101010100
0011000101010000
0011000001010001
0010000011101001
0010001111100110
0001001010010010
0000110100011011
1111110011000111
0000001000101110
0010011101111100
1111000101100001
1101101011100010
1111100100100101
1111111001010101
1111110110001100
0010001111110100
0100010110100100
0100101110001001
0110100110110100
0111110110111100
0101111010100111
0101010001110001
0110100001110010
0111111100111101
0100101001100001
0101000011110011
0011111000100000
0001110001101000
0000100010111001
0010001010011100
0000000000110101
1111110010110101
1110111110011010
0000010101111110
1101010101001111
1111001101010000
0000001010101000
0001000000001101
0011000010111111
0100110010111101
0011001000011110
0011011110101011
0010100100011010
0100111011011011
0010000001011110
0010100100010110
0010001001100111
0001101010000100
0010000001100000
0011000110111010
0101101111011010
0100010000011010
0010000000101001
0101110010011100
0010110000111111
0001110110010010
1111111000010000
0000101001000000
1101100111100001
1110011100001101
0000100000100011
0000110101110011
1111100010011011
0000011001011000
1111110000010101
1111101011110000
0000010010010111
1111001010111011
1111111011001110
0011001111111101
0000110000001011
0000100110001011
0001111110001011
0000110011100101
1111110111111010
0001101001100001
0011000000000011
0011000100111101
0101100000001111
0101111111100101
0011000010011101
0010100111000011
0011010011010100
0101001001111110
1111011011110110
0000001110010001
1111111101011110
0000011001011111
1110011001010110
0010001011100110
0000100111110010
0001001000100101
0000010100000001
0000110001110110
1100111001000010
1101011010111101
1101101111011110
1110100000111001
1111011100011100
0001101010010111
0001100100001011
0011000111000101
0001011111000101
0100110001001110
0010000100111110
0001101101000000
0000101100110010
0000100110010100
1111110110110111
0001101100111010
0010111011011111
0001101001010100
1111111110010001
0011111000000011
0010111110000001
0100010010010000
0001011110110010
0000101100101000
1110110001000000
0000000100010001
0000100111011111
0001110110111110
0001101000110101
0010011101111110
0010000110111011
0011100011111101
0001110010011111
0001001100111000
0010010000000100
0101011110110100
0001111011101101
1111111001111000
0000001101011110
1111100010010010
1101111011011011
1110010111010111
0010001010100111
0001110101000000
0011100100110000
0110010000010001
0011111001000001
0001001100000100
0001000101101100
0011010001111101
1110101101101011
1110001101000111
0000011101010010
0010001001011110
1111000010111111
0000011100010110
1110110111111010
1111100101011110
1111011101011100
0000010011100110
1101000110011000
1111100111001110
0001001001111100
0010001011000110
0001100111000100
0011011101011101
0001101000100110
0010010100111001
0001000001110100
0101011000111010
0001111001110011
0010011011100011
0000111001111100
1111100101011000
1110100101001101
0001111011000101
0011100000010100
0001001001010111
1111100010101111
0011010100011111
0100010101101111
0100100100011010
0010010111011000
0001111100010010
0001010011111010
0001110010001000
0000110001000000
0011110111000001
0011001110110111
0011110101110000
0001101100101101
0011101000010110
0011001101100011
0100011111100100
0010111010110000
0110001000011111
0011010001010101
1111110101000101
1111111010000001
0000010101111101
1111101110001110
0000001010011111
0010000011111100
0001011011110111
0010010001011011
0011000000101010
0001000110010011
1110111001101010
1101111001111001
0000011111011011
1100100111110100
1101001101100100
0000001001001101
0000101100011100
1110000111100000
0010100011110001
1111010001100111
0000001100000000
0000001101011110
0000111011100001
1101011000011111
1111101101111011
0000101111010101
0010010101000100
0010101100011100
0011110101001000
0001111100001010
0010011100110001
0000010101000000
0011100000111111
0000000001010101
0010000000111011
0000000100110001
1111100010000111
1111010010111101
0010001100100010
0100000000001001
0010100001110110
0001100101001000
0011110100100100
0011101101010100
0011011111001001
0001101110110110
0001101101001001
1111111100100000
1110001001111100
1111111101110000
0011100010001011
0010110001101010
0010111111101000
0010000101011001
0101100100011000
0011110110101110
0110011111100111
0100010110100110
1000010100100110
0101001101101000
0001001000100011
0000011111111111
0001011101000110
0001011010101011
0010001000110101
0011101011010000
0011011001011011
0011000001111100
0011111001110001
1111110010000010
1111010101010001
1101111110100000
0000100000111110
1101001100001010
1110001101110000
1111110101101011
0010011100000110
1111010100010011
0001111111101111
0001001100001111
0001000100111001
1110110000110100
1111011000100000
1101111011100001
1110101010000000
1110101100101001
0000010101101101
0001010100111001
0010011101111000
1111111101001110
0000011101001010
1110011101011011
0010011011011001
0001001100001010
0011010101001001
0001100101011001
0001001111101110
0000101000000011
0001111011110011
0011100010000001
0000101110001001
1111101111101010
1111110101010110
0010001100111100
0010010110110010
0001110100111110
0000100000011001
0000101110011110
1110110100000000
0000110110111110
0100011111101101
0011111111111001
0101101101101010
0100001011000011
0110010010000111
0100101001010011
0101100110000110
0010011100101100
0110010011011011
0101101110101000
0010101101101011
0010000010010101
0001110110111101
0000001101011100
0000000101010111
0001111011001010
0011100111111101
0010111011111001
0011100110011010
0000100011001100
0000110100111011
1101011000011110
0000000001101111
1100111001100111
1100000011100110
1101110110001111
1111100111011011
1101101101010001
1110111101101110
1111111101001001
1111101110000101
1111110111111010
0001101011010001
0010011110110010
0001100010010101
0000111100111000
0001010010111010
0000010011000111
1111001111101110
1101001100111010
1011100001001011
1011100001000010
1110110010100101
1111001010111100
0001010100111010
1111111101011110
1111110010100111
0001101000111100
0010100100010000
0011010010000000
0000101001101010
0010011110111111
0000100010011111
0100110111110000
0101001111000000
0010111100001011
0010000000100110
0011110000011010
0000110010111111
0010001110011101
0111001001011011
0110001111010010
0101110001100001
0110111010101100
1000001001010101
0110110111101001
0110101001111111
0011100011110101
0011100110000000
0011110001000100
0000111011001000
0010100000000001
0010010000111100
0001101000011111
0000010000011010
0000010110110011
0011001110010101
0011001001101000
0011101010111111
0010011110001000
0011011010000101
0000000011100101
0001100111011101
1110011100010101
1101000010001001
1111010000100110
0000100001101111
1110001100101111
1111100111001010
0010111110011101
0001010000110010
0000011110111001
0010000100010010
0010110000111101
1111011100011111
0001001111111111
0001011111100000
0010110000100110
0001110101101000
0000111111011000
1110101001011000
1101011111101111
0000111010101011
0000000101001001
0001100110111100
1111100000011101
0001010100110100
0010100100100011
0001111011011100
0001100000010001
0001110111001100
0011001100010001
0010111110111001
0101010111010101
0101001011011010
0010001001001111
0010010100110100
0011011110111001
1111110011000010
0010011111100111
0110110001110110
0101011000101101
0101011101100011
0101111111011001
0111001100000001
0111010000111101
0101001101011001
0011011111000000
0100010010100110
0110110001010101
0011000001111100
0100010111101000
0100111000100010
0100111001100011
0010110101001101
0010110111010111
0101000001101011
0100010001100010
0100100101100101
0100010100011101
0101001001000100
0001101100000001
0001010011000110
1110101011110111
1101011101111111
1101110100100111
0000000010100101
0000101100110100
0000111001101010
0100011111000101
0100110110100000
0100100110010100
0001100110010111
0011000001111001
0000011000010010
0000010000101101
1111011110000110
0001000000000000
0000010001111101
1111110010011101
1111100000011001
1110011010110010
1111100010001100
1111101011101110
1111100110100001
1110000100110110
1111000100001010
0010011101010010
1111101111001110
1110110010100011
1111110010110110
0000111011101100
0000110101010011
0100010011110011
0011110011011000
0001010010001010
0010000001000111
0010000111110001
1110111010110101
0010001101111110
0110110011111010
0101101000110011
0110010000101100
0110011000001101
0100000011000011
0010111100010101
0010010101010111
0011111001001101
0101110000100010
1001000100010000
0101001010011010
0101011000110011
0100000111111001
0011101001101110
0010110110010010
0011100100001010
0100011100111000
0101011000011001
0101001010010011
0100011011001010
0101011010000110
0010100100010101
0000000001010001
1111011010111111
1101111110010111
0000110010110001
0010110110110001
0001111001000001
0010000000001001
0101010110110101
0101000100110010
0101011110100011
0010001101110010
0001100110100100
1110101000000010
1111100010000010
1110111001110001
0010010000001101
1111100110001110
0001001100010011
0010001111100010
0001010111010110
1111110100011100
0000101101011001
0001010011001111
1111011100001100
1111010010110011
1110101111110011
1101011101110101
1101101001111111
1110010000100101
1111011110001011
1110110110011111
0001011101010010
0001001001111001
1111110101110101
0000111011100011
0001111101000110
0001100010100111
0100111011010100
0111001010100001
0101010001000000
0101001100111011
0101111011010011
0001101000011101
0001100001010000
0000011110000101
0100010001000000
0010111110011011
0101101000011100
0001011001001011
0100011100010011
0000110000000000
0001010010110010
1111111001000010
0001010101111100
0010100101001010
0101101010000100
0100010011100111
0101111010110010
0111000011100000
0011110111000101
0010110111001101
0010011001010100
0000011010111001
1111110011011001
0000101100100111
0000111111010010
0010110010101001
0100011001010111
0101111101011001
0111101111110100
0011000101000001
0010011111110101
1110110100100011
1111001001111111
1111100110111111
0000111100100011
1110100101000001
0000101010101101
0010000011011010
1110011000000010
1101101001101001
1110001101100101
0000001001111000
1111010001010011
0000011010000000
1110100011111000
1110101000100001
1101011010110110
1110000110111000
0000000001100100
1111011001010010
0000000110000001
0001010000000001
0000011010010000
0010001010100001
0100000011101011
0011110000100110
0100000000111000
0101001101010101
0101001110110011
0101011101101110
0101011010111010
0000101101111110
0001111000110101
0010000100100100
0101001111110111
0011011011111110
0101101001000100
0001111000110101
0011001000011011
1111111000110001
0000111000001010
1111010111111101
0000100000100011
0000010110000000
0010011100011011
0010110011000010
0011010010011001
0011000010101010
0001011100100100
0010011101110000
0000101001110110
0000110100010011
0001000111100101
0001100001101001
0001010100010001
0011010001011101
0011100100011111
0011011000000111
0101110101010101
0011000001000010
0000101111000110
1110000010100000
1110100001000100
1111010110101100
0010001001101110
0000101011101000
0010011000011001
0010101100001010
0000100000111110
1110110110111011
1110101111100011
0001000100010010
0000111001101111
0000010110110111
1111011101100010
1100100110011111
1101101100000011
1111000000110111
0000101001001111
0000011011000110
0000111001110000
0001001100111000
0000011011011010
0011000000111000
0010001110101001
0011001010111001
0011001111111111
0011011111111110
0011010011011001
0011101111110110
0100010100111111
0010000010100101
0100111000111101
0100100011101101
0110111101000101
0110010000110001
0111010101100101
0011011111111000
0100101111011100
0000000101100100
0000010100101110
1110011101110110
1111100111110000
1110100011000110
0000101101011010
0010101011100100
0011001101010010
0001110100011010
0001101010101011
0010010100010110
0001001101100011
0010111001010110
0011001010001110
0001011010000011
0010011100010100
0100101111100110
0101110011110011
0101111011100001
0111000010001110
0100100100111011
0011011101000100
1111000001011100
1101110001101001
0000001100000000
0010000111100001
1101111000110010
1111100101101110
0001100101100011
0001000101101001
0000010110110111
1111100001111010
0001110101111000
0000111000010001
1111110000001011
1110010001010011
1011000100111000
1100000110010110
1101001000010000
1110111101001110
0000001000001110
0000001101111010
0001110101001001
0010010110110001
0100000100001110
0010101110001110
0101101110111101
0110000110111000
0100000101001000
0100100110011010
0100000110101110
0100011010101100
0000001111010010
0010001000111111
0001001010101100
0011100011000000
0001110001000011
0010000011101100
1110011111000100
0001010100010101
1111000101001101
1111100000100010
1110010101000001
0000110110110001
0000001111111101
0001111101010000
0010101010011111
0010100011111000
0010000010001000
0010010101000101
0010001011011100
0010000000110011
0100010000000110
0011110000110110
0000101000100000
0000100101111001
0011101101010001
0100111101110111
0100100111010100
0101101000011100
0011000001110111
0000100011101010
1110010100111111
1101111111001000
1111101111000110
0001101001101111
1110101011101010
1111110001010100
0000111010010101
0000101000000000
1111010111101000
0000000110111101
0011100100011001
0010111000100111
0010110000000001
0000110110010111
1110110001100000
1111000011000100
1110101101110110
1111100100110110
0000100011111010
1111101001011110
0011001110110000
0011110100000001
0100000010010110
0100000100000000
0110110010110000
0110100010000111
0100000110000010
0110111001100110
0101111011001111
0100100010100111
0000110101000010
0010100100010001
0001100110000100
0001100101011000
1111110010001000
1110111011001100
1110001101110001
1111011100000101
1110101100111111
1110000011001011
1110011011110010
0001001010011110
0000000100101011
1110010001010011
0000100011110010
0011000001010100
0010100110010010
0011110111000100
0011010000011000
0011010111111011
0100001010001111
0010011000010111
1110011101101000
1111110110100001
0001101010011100
0010011001111111
0010011010001000
0010101010001010
0001001001000111
1111101011000010
1111000010101010
0000101100000001
0011110100111011
0100010010001001
0000001110100001
0000001000101001
1110111010101101
0000010010010101
1111010011000100
1111100011111001
0010000000111000
0010101001110111
0010000100011100
0011110011101101
0010000101111011
0010101111111010
0010101010100011
0001111011010011
0001111111111111
1110111110111011
0000100100110011
0100001100100000
0010101110110100
0010010000010101
0011100101000010
0011011110000011
0000101101011111
0011000000110101
0011111011001011
0010001110111011
1111010111110101
0001011010100000
0000101001010000
0000101000110111
0001110110101001
0010110101011110
0001100001110100
0001110100101111
0010001111101101
0001100111010001
0001011001101010
0011010001110000
0011000001001100
0000100101000111
0001001010110001
0011000101010110
0000100110110011
0001011010101000
0000101101111001
0010000011110011
0000111110101100
0011000011011001
1111100010010000
0000100011111001
0011001001101000
0011011100010100
0001011010110111
0001111000000101
0010001110000110
0010001011001000
0010110000101010
0101000100100001
0101110000001010
0110010000011011
0011100111011100
0000111000101011
1111100011011000
0000101011101010
1111001100000000
1101010110110001
1111110101011001
0001101100000011
0010111010100011
1110111111011100
1110110000100110
0000001100110001
0001100011001000
0010001110111010
0011001111101000
0001101011011111
0010000101100100
0101000100000100
0010100010011101
0010111001111101
0100110010101111
0101000011010000
0010000000011000
0011110110000100
0011010110010100
0001100101111101
0000000011110100
0010000110001101
0000010111111101
0001010100100100
0000101011001100
0000010101000100
1111100100111011
1111111001111110
0010111001111101
0010010000101110
0001011100011111
0100010110111010
0101001001000001
0010011101110001
0000101111011111
0010110011100101
0000010100011111
0011001000001001
0000011100100100
0001100001110101
1111111110001101
0010101011101111
1111110000011010
0010111110100011
0101011011011001
0101101011111101
0010001010100011
0010000100011010
0010100010111100
0011010001100101
0011011111111110
0101000000111100
0110001010011001
0100010010100110
0100000011110100
0000101011010000
1110110100111110
1110100010101100
1101101111010000
1100010110000000
1110110101011101
1111110010010001
0000011111011111
1111011000101011
0001000111110100
0010100010000000
0001010001011101
0000110000001100
0010011111111000
0001110111010011
1111110101111110
0010101110101011
1111101010101111
0000010111000100
0010100010001010
0010010000001100
0001001000001010
0010001000111110
0001100111101100
1111100100001111
1111011001000110
0000100011110100
0000001000110111
0010010000010001
0001100101000010
1111100010010000
1101100000111010
1101100100101011
1111111001111001
1111000001000000
0001000111010101
0101010110010110
0101011111100101
0011010100100110
0010001000100010
0011101001011011
0000000000011001
0010001100000010
1111100000110000
1111011011011011
0000001111001101
0010011101011000
1110111000110101
0000111011001000
0011011001010010
0011111011001111
1111010011100001
0000010001011100
0001000001010000
0001101000000011
0011011000000011
0101010001010101
0110010111100001
0100010100001000
0100011100011110
0000111010101101
1111001100000001
1111010010101010
1111001000011101
1101110100101001
1111010101101101
0001010010111110
0010010101101110
1111111100010111
0010110111010010
0100100011101001
0011010110010000
0011011111011110
0010111110010110
0011011100001011
0000111101100001
0100100010011000
0011010110110101
0010101111111011
0011001111110110
0001100011100000
0001111000100010
0000111110111001
0010010111110010
0000000001111001
0001110000010001
0011010100110101
0011101010001010
0011011010101001
0010010010000010
1111111100110001
1111101101000101
1111011110000000
0010001101001111
0000101111110100
0100001011110011
0100101001000010
0100000101101011
0001111110100101
0001011011101001
0001000011000111
1111010100000100
1111011111100111
1111010001110110
1111011001001010
1111101011101101
0010100110100110
0000100011010111
0000001000110101
0000101100001100
0001010111101100
1100001101000010
1101110000101110
0000010111000111
0000111001001100
0011011100101010
0110100101111111
1000000000101100
0011110100110100
0101110110010110
0001111100110000
1111101100001100
1111101101111011
0010011100110001
1111011100100110
0000100111111101
0011000011101100
0011110000110010
1110001011100101
1111110101100110
0010111111100000
0010001011000110
0010000110001111
0000100011100100
0000111011111001
1110001101110110
0010110001101110
0001010001111000
0000100100010101
0001010010000010
1110111000010011
0000010110010110
0000111010000000
0010011101010000
1111101000011111
0001111000101010
0100011000101010
0100010011001110
0100001011100000
0001110101001010
0000101101100000
0000001101110111
1110010011010011
0000111011001010
0000011000000101
0010111001101000
0100001110001011
0101101000011010
0010000010101010
0000101011010010
0000111011111110
1110000000010100
1110001000010111
0000110001010100
1111011110010111
1111110111001010
0001110001101001
0001000111111000
1110010111010010
1111100100001011
0010011111011101
1101100100101000
1110110110100001
0001101001111101
0001111110001110
0100010101011101
0110110101100101
0111111110010001
0100111111000011
0111001111001011
0001101001000011
0000000011001110
0000010011110001
0010100110110000
0001000101110010
0001000010100000
0001001111111111
0001010110110110
1110001001001101
1110110100011111
0001110101001000
1111111110010011
0001011001011010
1111111100010101
0001101111011011
0001001011111011
0000111111110101
0010001101111000
0010010010110100
0011110001101101
0000100011011110
0100000010001100
0011011011000001
0011011100001111
0011001010100111
0011010000100111
0011010001011001
0010111010100001
0010100110110100
1111011000011000
1111101111100001
1110110110001111
1111111000111010
0001110001101100
1111111110111001
0010011100100101
0101001001011100
0100101001011011
0010100011011111
0010110100000111
0001010011101011
1110010110100010
1110110101010010
0010010001100001
1111111010111101
0000110000101001
0011111000100100
0001110101110101
1100101100111000
1111001001010100
0010110001100011
0000000001111011
1111001000100001
0001001001101010
0000111111001000
0001111001000001
0010001011111000
0011001111000111
0010000001110000
0011101000110110
0001010100111111
0000011111101011
0001110001101001
0010101100001001
0011010000011101
0011001110111100
0011101111111011
0011000100010001
0000010100101100
1110000011111100
0001011110000000
0001101101010001
0001110101100111
0001100111001110
0010010000011001
0001010101001001
0000011000000001
0000111101011011
0000101101111011
0010101111101011
0000001101111011
0010101101001100
0001100100001101
0010000001100110
0001011011001001
0001110101011010
0010101001010011
0011100011001110
0011110011101010
0001110101111101
0010000010010000
0001011110001010
0010100111010010
0100010000011111
0001101111101101
0100101111011011
0100001100001001
0101000000110011
0010100000001000
0100101010110010
0010010110101000
0000111100001011
0001101110111111
0101011000011111
0010010011110100
0001100011101011
0001011001011011
0000111011100000
1011100011011010
1110000001010100
0001100101000110
0001001010111011
0000010011110000
0010110010100111
0001110101001100
0001000000001000
0001010100111001
0010100000110001
0000111101100010
0000110110010111
1110110000101100
1111110010100100
0010001111000100
0011110101111000
0110001001011111
0110000001001111
0110000100110111
0011111000111111
0011001000010111
0000110001100010
0010000111000110
0010101010001101
0100000010000111
0011011101000000
0011111010001111
0010110111000011
0001010000011010
0001000101111111
0010010000010110
0010111010111101
0010010011001000
0011000101110011
0100111010101110
0110001000011001
0101100101110111
0011011100100001
0010111110001101
0001011001001100
0010101000110110
0001010100001011
0010110001101011
0011111000011011
0100101000000111
0101000001000010
0011011010100111
0010111010010111
0001010001111111
0010110110100100
0010001011100110
0010100000000010
0001111110001011
0010000000111010
0001111100111101
0011100111011111
0001011101001100
0001011110111001
0001000110010000
0001011001011100
1110100100000000
0001111001010010
0001100011000101
0010110101100001
0001001100111001
0001010011011010
0001011010101000
0000111111010111
1111100000011000
0000110110110101
0000010010011010
1110111110111100
1110110100100101
1110010010110010
0001001001101011
0010100010101110
0100111110001101
0101010011001011
0101010000101001
0011011011011010
0011111000110101
0000010000001111
0000110101110101
0010010100010100
0100100000000111
0011101101101000
0000100011100101
0000111010010001
1111010001110000
1101110101100001
0000010101011101
0001111011111101
0000001110100100
0000100111110110
0010100110110111
0010101010100111
0101110101100100
0100000101000100
0100000100101001
0001110100101111
0100111001101110
0100000100110111
0110101010001001
0100100101100111
0100001001101110
0011111100001000
0011000010010111
0001010100110110
0001101101100110
0100000110100001
0010100101110101
0000110000011001
0000000000011011
1111000101101111
0001111111100011
0100011111110100
0100000001111100
0010100101011001
0001111000010001
0010111101110110
0000011100111111
0011101000101000
0010111000110111
0100001101110000
0010000010011010
0010100001001000
0000110101011111
0001001000111110
0000110111000000
0001100000011000
0000100000000101
1111110110111001
1110101010110110
1111101111111011
0010000101111101
0011010110110110
0110010110100011
0101010111001111
0101000110101111
0011011111010111
0101011101001111
0011011001111101
0010101100000111
0100001101101111
0101000101101011
0010110010111101
0000001110100110
0001100001010111
1110010110100000
1101111110010000
0001011001111000
0010111010101000
0001110101011100
0001100110111111
0001000110111110
0001110100011001
0101011110001111
0100000101110001
0010100001101110
1111110011100011
0001010011100010
0001101010001000
0101001100011111
0100110011111111
0100110111001100
0101111000110111
0011100101000010
0011000010101111
0000010010101100
0001101101010111
0001101101110101
0010110110010110
0001100100110110
0001001111100111
0011111110101110
0011100101101101
0010101001110010
0010000000000101
0000101001101001
0010000010001101
0000110100011101
0100001110001010
0010100000010101
0100000000110111
0000111011011111
0000101001100000
1111011011001010
1110110110100111
1100010000010000
1110100010110110
1101100000010010
1101010001101100
1010111110011000
1100100010010111
0000100010101101
0001100111011011
0011000101100000
0011010110110101
0011011000101100
0001101111000111
0011001101000001
0010111110110011
0001010000011110
0010111100111010
0011111100011100
0100000011111011
1111101110000110
0000101111101001
0000100000110000
1101100101100010
1111100011100000
0010111010000010
0000111011111100
1111001001000111
0001001111001100
0010001111011010
0011100110000111
0010001001110010
0001001111100111
1110011011000011
0000100010010110
0001000001010111
0100010101000010
0100000101101000
0010010010100101
0100010011111000
0011111110111111
0100101111100111
0001010111011100
0001101100111011
0000001001010101
0011000111001100
0001101101101100
0000110000000101
0001110110010101
0001001101010000
0000100011001101
0001011111101011
0000111111101101
0001011010011011
0001110010110111
0011100101110011
0001110111100011
0001000010000110
1111101000111110
1111010001000111
1111001011111001
0000100100110011
1111000100001101
1111101101101110
1110000101001110
1101000111111011
1010110000100101
1011001111111110
1110010010101011
0000110000110000
0010110010101100
0001000101010001
0010111111011011
0010111001011011
0100110111101001
0101110101101111
0001010011011000
0001111001101101
0010111011000010
0001100001010010
1110011010011110
0000101000100100
1111110000111000
1110001000111111
0000010101101101
0010001000001000
0000111011010110
0000110111110100
0010101110010111
0010101101011000
0100000011010000
0001101101110010
0001110011111101
0000001001111011
0001010100010101
0010110100101000
0110110000110101
0101011000110111
0010000000100101
0010010001110001
0001000100001101
0011011000010000
0000100100001101
0000110001000011
1110100000111001
0010101011001010
0000111000110000
1111011110100100
1111010110100111
1101001010001011
1110001010000001
1111010011011101
1111111000111101
0001011100110111
0010011001101101
0001111000100100
0000100111010000
0000100011101001
1111111010011101
1111010000001101
1110110111011101
0000011011100111
1110111111100111
1111010100100101
1011111010010101
1100001001000100
1010011111001100
1100001101000001
1101101011001011
1111110001101011
0000111101010111
0000011110001000
0001001111110100
0010111101001010
0100101001010111
0100100011101011
0010010111000100
0010011101110110
0010110101100110
0001010110110111
0000001001011111
0000111010011011
0001010010000111
0001001011101111
0011100001000010
0011011010110011
0001110001000011
0000111001111111
0001110111011011
0000100010000111
0001011100111000
0001111000000111
0001001001111000
0001000110100010
0001011011010110
0010000110101011
0011000010000001
0010110111000100
1111000000000010
1111111000110000
1111010010011111
0010111101011110
0010010011010111
0000110110110010
1101100001010111
0000011111110100
0000011001000000
1101011011001010
1101100111111111
1101011101010101
1101101100001001
1101110011010101
0000111101110010
0001100000011111
1111110100111001
1110111000100110
0000010101001000
1111110001000100
0000010001100001
1111110011110010
0001010110010110
0010101001001110
0000101010011000
0000010101100111
1110001100001101
1111001010110001
1100111110010110
1111101000010100
0000010111101100
0010000000011001
0010100110011100
0001110100000000
0010000011000110
0011111001000111
