1100010101001010
1101000101001001
1000100100000110
1110001001100110
0100011110001111
1000111100110000
0011010110001010
0011011100001001
1011111011111010
0011101010111000
0101010110011010
0110101011101010
1100000000111101
0010001010111011
1111111110111010
1011001101101101
1110110110011011
0111010111000010
1010010000000000
1110100001010101
1111011011101001
0010000001100110
1000001001011100
0011001000001011
1111011110001011
0111101111001110
1111010111100000
1100111101110011
0010011100111001
1100101001000001
1001000011010100
0011100100101001
1110101111001001
0110000110011011
0101110100110101
0010011001000010
0011110100000100
0001000101101101
1100000000101101
1011010010011111
1001011100001101
1000010010100110
1110111101111111
1000001001111011
0111101110011011
1100000100011100
0110001110010001
0011110110111111
1110000011000110
0000000110100001
0101000101100110
0101110010110101
1010101001110011
0010110001010110
0100001110000101
0000000010111110
0011000101010100
1011101000110000
0101100010000110
1110000101010100
0000000111011111
0111011001101110
1100100111000011
0010100101101101
0101000011010111
1100001011100101
1000110100111010
0010000100001110
1001001110111101
1001010110110111
1010011001001010
1110000111110011
1111111110111000
0000101101011101
0010101100100010
1010000000110101
0000000010100111
1010001010011001
1010010111011101
0101111110011111
1101100111111010
1101001011001100
0000110010011101
1001000110111110
1101001110000000
1110011010010000
1010111001010111
0000000111100110
0110011111101001
1111011010111110
1010111000010111
1100000101000110
0101101111000100
1010111100010001
1001010001110001
1101101101100110
1110111010111011
0111011110000010
0100010000100011
1000000100110011
0010010110100111
0111110000011111
0110000100111111
1110110010000010
0001000000111100
1101010000000100
1100000110010000
0001001010010001
0001001111001101
0011111000000100
1000001010011011
0111100100101001
1100100011101011
0010000000001010
0010111010000001
0000100100110110
0010010111100010
1101011100111101
1111100111111111
1111100010111110
1100100011110100
0111111111100010
0100011111111010
0000110000001110
0100001101100100
1000100011011010
1001011111001111
0101011000100001
0110000111001010
0011111011101110
0100001010001010
0011101110000110
1111100011011111
1110100100010000
1110110111110001
1111011010000100
1001110001000000
1111101011101010
0101101101110110
1001011110010010
1101101101000110
1111010001001110
1001100010010111
0110011000101001
1001100000101111
1001100010101001
1000110100101100
1101000000010011
1110101111100101
1001111000111010
1111001001011111
1100001101011001
1011000111000011
1010101010001101
0001001010010010
1111100100110010
1110000111110001
1100001111100000
0100001010100101
1000011000100100
0010001111110000
1111010011000101
0100011110111001
0010101011001110
1100010111101110
1000001011011110
1011100000010001
1011100100100011
0111110101110110
0011100001010010
1110011011001001
1100101101110111
0001111000001000
0100111011100110
1101011011111000
1100111100001101
1101011101011100
0010011110100101
0100110110001010
1100110100001001
0001100111001110
0001101000001000
1000001001110100
1100001000101111
0001010000101011
1000000111100011
1010011101011010
0011100100010101
0101101111000000
0010101111110010
0010110111100110
1101111010001101
1010000010100101
1101011000101111
1111100100010110
0110101010000100
0101100101111011
0011110101000101
0100101000011111
0011111110100111
1000010001010111
1010110010111001
0111011010000011
1001100000001000
0111111001111000
0010000110101101
0011101100110110
1000011111111100
1111101001100101
1111101100010100
0100100000110000
0011111111101100
0111110100100011
1010111101011111
1000111010100111
1001111011000101
0100000110011111
1100111101001101
1111001010000000
1110011111011100
0100101001111010
1101111000001110
0011111100010010
1110011001001110
1001000011001111
1010010100101110
0101000100011100
1110000010000101
0100100010000010
0000001100000111
1010100011001000
1001100101101011
0010111000000110
0011100000001111
0011101001101101
1010101100100111
0011111110000000
0001000001010110
1101000010110101
1111010001110000
0101000011011011
0001000110101100
1110001000000100
1010000101001111
0100000010000100
0110111101011010
1001111000110111
1110000011000110
1001001000010110
1110011011111101
0100011011000100
1100000011010110
1010101111001110
1001110010001011
0111000110011111
0111011100011011
1101111100101010
0111001000100000
1000110011111110
1100101001100000
0011001110000110
0010001110001001
1110110011101111
1011001100111101
0110001111110111
1101101001001101
1001001010100011
0011101101110001
1000011110100100
0110101110111001
0001000100000000
0001110001000011
1101010100111101
0011001000111100
1101000000110111
1000001111101000
0110101110010101
0001010000110100
1101110110010110
1001011110011010
0000000000010101
0000101010011100
1110011011100000
1110001010101110
1111110010000110
0100101010001111
0101101110001101
1110101000010011
0110001100100010
0001101101100001
1010110111001011
1100000001001101
0100010001101101
0100011000000100
0000111110011001
0000111010111110
0110010110101001
0110010101010001
0111100001010111
1110110110001101
0101010000011011
0010111000001111
0000001010100000
1101011010010101
1011001101100110
1101000100110111
0011001000101101
0111001110010001
1010100100100001
1001111110111101
0101111000101110
0111101010100101
1101001101110000
1100011001111000
1000000010100001
0010101011000100
0011101111110010
1001001110000001
0100001000111101
1100010111101110
0000101001111111
0010101101110110
1101111110011011
1100000100011101
1110110010101100
0010110100110111
0011100101000001
1011111110101001
1010111101000111
0001101011010100
1011010001011000
1101111000010101
0010011010001100
1100110101101101
0000110101100001
0111110100001110
0100000110101011
0110101100110110
0001011011110000
1001011111100000
1111000010101011
1011101010111100
0011011010011000
1000010101110100
0000111111011101
0100100010111100
0111100000011101
0111110010100010
0010000111111100
0010010001100100
1111100001110100
0101000011000100
1111111011110111
0100100010100011
1001011100111110
0000000001101101
0001110001010000
0000111110111011
1100101010000101
0111011000010101
0000000010001010
1111110100000100
0100010100101010
0110100001011011
0111001110110001
0110100000110010
0001101100111111
0011111001010011
0100111000111100
1000100101100100
0100011011110101
0101000100000101
0001100101000110
0001101101001010
0011000101110011
1010000110000010
1100110100001111
0101101101110011
1001010011101100
1010010000101011
0011110111101100
0101001011000110
0110111010110010
1111011011011000
0100011101100000
0000110111011001
0101001010100000
0010001110000111
1100010001001011
0111011100101001
0101010000111101
0111111001110111
1010100011000111
1000111000110110
1001110001000000
1101011011000100
0001100000101101
0101110011101010
0011100010100010
1100100010100010
0001100111101101
1011011010100011
1111011001110100
0001101101100000
0011010110100101
0110111111101110
0110110110000110
0100011010100010
0000010001110100
1111100111011000
0110010001010011
0111101111000000
1110011101110101
1110101011101010
0010001000100101
0100000000011001
0111110110111000
1010100010100111
0001001011110011
1100001001000110
1001011001011000
1001010101101000
1110101111110100
1100010100011101
0101001010001100
1000100111101000
0001000110110011
1011001100111101
1101101101000101
0100111011011101
1111101011111000
0101001100101100
1101110110011110
0011000000011001
1011110101101010
0101001000111101
0111111101101011
1001001111011001
1101000001001010
1000001110011100
0100000110111111
0110011101110001
0000001011011000
0011101000010110
1111001100001110
0011110111111001
0011000100101101
0100011000011011
0011001101001111
0110001100101001
1001011101110100
0100100011011001
0001111011011100
1110011100010011
0001010101101111
0001000110000110
0000011101110000
1011110111001011
1011101100111001
1001000111101011
1111111010011110
0111011110110000
0000101000011100
1010110100010100
1100000111001100
1011010111101010
0101111100110101
1010001101000110
0101100101101101
0010100000010011
0001010101010001
1100111001010110
1111110101111101
0100000110010100
1100111110101101
1100010101110100
1011101110100000
0000011001001101
0101001001110101
1000000000001010
1011000011101111
1101100101010101
1101010011010010
0101011101110011
1001010111100100
0010110001010000
1110110110000111
0011000001100111
1101111111100000
1100011101000100
0100111101101001
0001000001110101
0000101101111011
0011110101011101
1010000110110100
1001010000001110
1111001000110100
0000000101010010
1011111110001100
1010111011001001
1100000100100101
1010001111111101
0110100000011001
1100010111001010
0111010101011100
0001101011110010
1110110000010101
0110101110111100
0100001100110000
0000000100111011
1110110000111011
1000111111010011
1101011010000000
0101010100001001
0010011001110110
0111000101100011
0111000011011101
0111100110100101
0101100000000101
0100111110111101
0101011010011000
0110000011001000
0001000100011101
1111001001001001
0011110000110100
0000110001000010
0111000101000010
1110101011011000
1011110111111010
1100011011010111
0111001100001010
1000000101000110
0000100010011110
0011011110000100
1110010101100111
1011101010010000
0000100010111101
1100000110011001
1110011111011000
0110110101001010
1101000011011100
1101000010010001
1111011110110110
1101011111010001
1001100101010111
0000010101101111
1000101011111010
1010100100111100
1001110100010111
0010000000100100
1010101010101101
1011001110010000
1000101001000110
0011110010001000
0010100001001010
0010101010011001
1001001100001111
1000110100100011
1111010101010111
1010010100111100
1111000000100001
0010010011010000
0001010111101111
1011011001010000
0101110010111010
1010101000100111
0000101110001010
0011101001101011
1011100101111100
0111101001001101
1100110100000110
0011010010011010
1100010011001101
1111010010001100
1101100011110011
0100000111100010
0111100001101000
1110111111001110
1000110101100111
0110010111000111
0011001101110110
0010001000100000
1000111001000111
0011111000001101
1000100111000000
1100011010101000
0101110100001100
1100110110001001
1000010111000000
0110011100111010
1110010100010011
0101111011000000
1000101111110111
0100111011010101
0101100001011101
1001010101010100
0110000001011110
1100100001011111
1111001011101110
0000000011000010
1000101011111111
0001000011010011
1110110110000101
1110001010001010
0001010000101001
0111101111011011
1101001111111110
0010110101011100
0001100010100101
1000000100001111
0111111001011010
1111011110001010
1101000011001100
1101000110001110
1100000010000110
0001111110110101
0000111110111011
0100000001110011
1011101010101101
1000001000001101
0101010011000001
0001101011001010
0111110010011100
1110010000111011
1100010001010111
1001010000011110
1000010101001101
0100110010010000
1101000000111000
1100010110011011
0110111010100111
1100110100010011
1110101111100101
0010100110011111
1100101000010110
0010111010101100
0001110101001011
0100010100110111
0000101011001101
0010000101010010
1100010000010101
1111101100110101
0010100011001101
0100111100110001
1001111010000000
1001100111100010
1110100110001101
0000110010100110
0000110100000101
0010001101011010
0110000110101110
1011110001100111
0111001111011111
1100010000000100
0010000111111011
0101010110010101
0100010101010111
0111011011010010
0101011001000010
0100100100001011
0100000010100110
1010001010111010
0101110110101111
0101111001101011
0100100110011101
1010100001101100
0001001010101100
1101011010001010
1000000000001001
1111110110010111
0010111011111011
0100011101101100
0010011101111011
0100110110001001
1011000001100101
0000011001111011
0000011000101010
0000110110111010
1101000011001111
0000110011110100
0101110100111110
1100010101010110
1011101101111010
1110110110011011
0010100101010000
0101011101010100
1101110001111111
0000000111001101
0000001110001110
0111101011100101
0000111001010001
1001000101101000
1010101110101010
0010110010100010
0000011010001101
0000110010001110
1111100111111111
1111000011000001
1110100000010001
0011101111001010
0000000000001110
0100000000010000
1110101100110101
1001100010101111
1100010100000010
1001001111100000
0101000101110111
1110011011011011
1110100000101001
0110111000111110
0101000101011000
0011010011110011
0100100100100100
0110111001010001
0110101011110111
0111011010110000
1101110111101000
0110010110001110
1001110111000111
0011001000001011
0111100110100001
1110110100100000
1100111111011110
1000110101101000
0101011011010000
1111100111011100
1000011011010110
0100001110000110
0100111100010001
1011010011001001
1110101000111011
0100110111101101
1101110001101100
1100110110001000
1001101100001111
0110000000010111
1011000101100010
1010000111010001
1001010001010101
1110100101001111
0100010011101011
0000110111101110
1011111011111001
0001000100110111
1110111110100011
1011100101111110
0111000000100111
1000101010100100
0100101001010110
0001010001010110
1110001101000000
0101010111001000
1010100001000111
0010100100010001
1100111001100111
0101110111101010
0001001001001100
0111100101001001
0100010110011101
0100011110111011
1000110011010111
0100010111000100
1000100110101001
0010100001000010
0111010101000101
1010100010001111
1010000001100001
0110111101011011
0001010101101111
1010010001010101
0000011001000100
0111000011000100
0110010101111110
0010011000001110
1101110010100111
0111100010000011
0101111100011100
1000101101001110
0111100110101101
0100101000011101
0001101000001111
1001011011111011
0101111100111111
0010111101011110
0001110010100001
1010010111101001
1000011001110111
0101101111110001
0001011000111010
0110001100011010
1100011100011100
0101100101101010
0100001101100110
1101100101110111
0000100100100011
0101111101100011
1011111100000111
0001000001100110
1111011100011000
1100100100000111
1001100110000000
0000000010000110
1110010000010110
1101110001111011
1011001001010111
1000011101110000
1000110010110000
0011000110100110
1010110011100110
0111101100001011
1100100010000101
1101011110010110
1111011010000111
0110010101110001
0111100000001011
0000100100100110
0011011010100110
0110001101000110
1101000100110001
1100110010100110
0000000000100101
0100100011111110
0010010110110000
1101011011010111
0100100000101111
1110100010001000
1101111010010001
1111001100011010
0010110011001101
0110010010100000
1111111011100101
1000101001111011
0100111101000110
0001110100110011
0110111111001101
1010001010100010
0110001011001111
1110101111000011
0011011111101101
0111011000110111
1000101001101100
1010110010001011
0001011101011000
0110101011101000
1110111101101111
0101000101101011
0010001010101010
1000101100101111
0110101110010001
1000010001000011
1011100011001101
0111011100010111
0111100111101101
0110110110010110
1010000111101100
1101100110101001
0111010111011110
1001100000101110
1111111000110110
0010011100100010
0110001011001101
0000100000111101
0011111001110011
0101010000000111
0011000010110111
0111100101011111
0110010011101011
1000011101111001
0000100110111010
1100011000001100
0110110011110011
0010001100110011
1000111010100100
0000110101101101
1000110111001100
0000011010010001
0010011010111101
0100100011110101
1100100011101101
0101111000001101
0001001010011100
1000100101001110
1101101111010101
1011101010011011
1111101100011101
1111000001110011
1000101101001101
1010010110110111
1001110000100010
1101101010000110
1011011000000100
0010001011010100
1111111011001101
1101100100100000
1100110010101010
0101101111110101
0101011000111001
0110001011111101
1010000110100100
0011101001001010
0100111101101111
0001010000001110
0001110110101110
0011100010011000
0010110010011010
0110011101011100
1001110110000110
1011100110001110
1110100011000010
0001101001001100
1001010010110101
0001101100101111
1101110110010001
0110110101100111
1100100100111011
1110010111011011
1010110000001101
0100110100101111
0001011101000110
0001000101000101
1001100001001011
0010000111010110
1110000111101101
0000110000000111
0110110101011011
0000110111110010
1000010110100001
1011011111011100
1100011110001011
0010100000111010
0100101110111101
1110110110110100
1110100010001100
0001110111100010
1100000110001111
0000011000100010
1010111000100101
1111000000100011
0101101001111100
0000001011000011
1010110000000010
1101001000111000
0100001001001111
0010101101100010
1010001011111111
1101001011001010
1011110110110001
0011001000100111
0101001010101110
0001000000000010
1101010001011101
1010010111001010
0000010010010000
1000101100110110
0100101000010100
1111101110110001
1110100111000100
1001100001101110
1100010001001101
0100100001110001
0100010111110010
0010010110011101
1001100011101110
0110111000111101
0010111100100101
0101110111110001
1110111000110010
1010000011111111
0011001111111111
1111111111111000
1001011000010110
0100110010000010
1010000111101111
1001000110111011
1100100001111001
0000101010011011
0111001111111111
1110110110111100
1011011000111100
0101011110101010
0010110110101001
1101001001110000
0100011000011001
1001111000110010
0000110111001010
1010011101111010
1011011011001110
1011000100111001
1111001111010000
1111010111000101
1011000001101000
1111111010011001
1001000001000101
0111110111100101
0101111011001111
1001011000000111
1110110111000001
0100111101000010
1000000000000010
1110011101000110
0111101111000010
0010001001011011
1110110000000100
1101111010100101
1100000000110110
0011001110111011
0101100100100111
0011111010100100
0101001110000011
1011101001001111
1011000001010111
1101010110001000
1001001010010111
0001110100000010
0001010001001111
0110101010111010
0000111000111110
1000100001100001
1001001010011011
0011010100000001
1010101011111101
0101111101100010
1001011110101110
1001000010000101
1010001101101100
1001011110010010
0001101010000110
1111011100000101
1100010011010110
1100001000110000
1110001111110001
0111111010000101
1001100111111011
0010000111000011
1011110011111011
0111001111010011
1011001111111101
1111000111001100
1001010001101010
0001011010100101
0011100001010110
1100010010100100
1101010100111000
0111000010101101
1000010000100111
1001100011110001
0110111100110100
0011101011011110
1110101111010011
0110000010110100
1001000111110110
0000000111100110
1001011101010010
0110001010100010
1100111110111111
0010100010000101
1000111111001001
0101010100011101
0111011110001010
1111001011010011
1011111011001101
1000100110000001
0000100000000110
1111100111110100
0000101001011000
0100111000011101
0001010111101110
1101100001100110
0001101001111101
0100011011101001
0000111001100101
1110110110101010
0000100000101001
1001010000000011
0100110101100010
0110011101101110
0000110010101000
0011100111011010
1001010001011011
1010111010000001
1010110010101100
0001111110011010
0110011000001101
0111100100111100
0011011111011010
1010010010110101
1010000101111001
1000010001110000
1011100011100111
1101001101100011
1100100101001111
0110001110100111
0010000110101000
1011000100111010
0000100100001000
1111000100001101
0000011000010011
0011111011000000
1000110101011001
1011001111100100
0010110111101010
0001100001010100
0111101100000010
0011010001110100
0001000101011010
1100001011100011
1100111100100100
1101011100111110
0111111101001010
0100011011110011
0100111110101011
1001111110111010
0000110011100000
0110001000100110
1101100010100101
1000001001000000
0101010101000111
1100010101111111
0010001100010101
0101101110100101
0001001000111011
1000111110110011
0101000111010001
1111010001110001
1001110100011101
0011010111000010
1100011000101101
0110000001110011
1111111101101110
0001001011100010
1100110111101000
0111010110101000
0111111101001000
0001001001111011
1000000000111011
0110011000011000
0111101000111001
0010101000000000
1111100110010000
1011011010011001
0000111011010111
0011101001101001
0001110010111110
1110101100010101
0111101101010001
0010001101110010
1110100110011101
0100010011011001
1011011101101010
0100010011001001
1010001001000000
1000101111101101
0000010110100100
0100101111001100
1000000011011011
1001011010000111
1010111100111100
1010101101011011
1101100110001000
0011000011000000
0111010111100111
1110111111001101
0111011111000010
0110011010100110
1100010011001001
0000111110100100
1001101111001110
1000101010110000
1110000111101110
0001001100010000
1011000101010100
0000110101110110
0011111001101100
1010011111000010
1111101011000101
0011000111001001
1010011111101101
1111010001100110
0011100011010101
1000000010101100
1101100111101011
0001111010101000
0110000101100000
1111111101111010
1111001111101101
0101000101101001
1100110101001101
0101001101111001
1001010100110100
0001000011001111
1100000100110111
0000001101000001
0011001100010011
1000110001000101
1011100100000101
1010000100100110
1110101000111100
0010010000101000
1001110100111101
1011100000110100
1011001110100001
1101101110101011
0101001110010111
1001110001010101
0011111101101100
0000011110010110
1101010011101011
1000100011011111
1100011100100011
0000101111000001
1110111100011010
0000100111101000
0011010011000001
0110000100011011
1000010000100000
1010000101100001
0100101010000010
0011010011011011
1011110010001010
1011111011110000
1011010110011111
1000111011111011
1000101000100100
1010001001000010
0110110100010110
1101110000011000
0111010111101111
1110010110110101
0110000000011011
1111011111011100
1110011000011010
0111001010111000
1101000010011111
0000011010000100
0101000111101111
0001101001110000
0000110001000101
1110010001110100
0101010000010110
1011000111111110
1010111110100010
0111011100101001
1111000111110010
0000111010011111
1101111101000110
1110100010011001
1110110100000010
0110001101100100
1100011101010110
1011111110110111
0101010111101110
0000011010100001
1001000110001110
1110111101000110
1110010010101000
0001011111001000
0101000110001110
0000111000001000
0100100011101100
1001110100101111
1000100001000010
1000110111111011
1101010010100011
0011001100110101
1111001100101010
0110110110000001
0001100000000110
0000111111000001
0011000111101001
1000011111001111
0010011111110110
0011101111000110
0110001000011110
1100011101000000
1011111100010110
1011001101000000
1000001101001111
0001011101010100
1010101010110010
0110111100111100
0001101001010011
0110100001001011
1010010011000100
1100101011010010
0110110001111010
1000110000101000
1101101001001000
0010100111111100
0101110100000010
1110001000101000
1111101010100000
0111000010111101
0010110010000000
1100011001110110
1101111011100011
1111101100011101
1111000001010110
1010110011101010
1010001011101101
0111010101110010
0111001011000011
0101111010111100
0010010001100100
1011110100101010
0010000000000010
1001001000011110
0110010101000111
1100000101111000
0010000100101100
0100010010000000
1010111100001001
0100010101000101
1001001000110000
0011011000100001
1110011000001110
1110110001010110
1011001110111000
1000110011110101
0101010000001011
1110110110100001
1111101011011010
0011000111101000
0001101111011111
1001101110110100
0000111011011111
0001111111111100
1001110100100010
0101010011100011
1001010110111110
1100100010101100
0011000010101010
1010010001110010
1111111101100110
1100110010111001
0110101010000100
1111010110110110
1010111001000011
1001000010011111
0001001011100011
1110000110101100
0010010001101000
1001000101011100
1011010010000111
1110010011110001
1100011111110100
1101110101010111
1101010110111111
0010101000111100
0110001010010001
1101111100000011
1110010111111011
0100000011110010
1000110010001001
0110101110000010
1011000001110101
1110110011010110
0100100110000101
1011110100110101
0011000100111000
1001111101111101
1111110110110001
1000010011111101
0111111010101001
0001000000111111
0000101000010110
1100110001010101
1111110101000100
1011100100000001
0101110000110011
0010111001101000
0001110000011101
1111000001011010
0000100100111111
0101110001100101
1101110010101010
0111001010111000
0000111010010101
0110001100001111
0100110111000011
0010000100110010
0110000110001001
0010100010000011
0011100110101111
0011001110000101
0101000001011001
0110000010111001
1100011011010101
0111111001000111
0010111001010111
1100000111000010
1111101011100110
0100011010011110
1001010010011111
0000001110111111
0011111001001101
0100010011110011
0100011100001100
1000110000011110
1111111111110000
0101010011001110
1000100110101000
1100000100101101
0001010000111001
1100011001110010
1001000110000001
0100100001101001
1111001100101101
1101111101000110
0001000110000110
0100101110011101
1111111100001111
0110101001000000
1110011000000111
1001101110000100
0011100010000101
0111000000100110
0111100001011101
0011011000111110
1010001001001101
1011001100100001
0111111000100001
1111110101100111
1011101110100001
1101111000001101
1101110000101010
1101111001110100
1011110101000110
0010000010011011
1101111011101010
0001000110111011
0110100010001010
1101011110111010
0100101010011111
0100010110010110
1111100011110101
1001101010000110
1101111000101101
1000101001101001
0011011100000001
1001010110001001
1001000110001111
1001100101100010
1010110111101010
1011001000110001
0111010010101011
0011001110001100
0001110101010011
0000000011011001
0101010011101000
1010111010110100
0101001001000001
1010000101010001
1111000010001001
0000011101011010
0010000001011111
0001011011001110
1110100110111101
0000001110011101
1110110011011101
0101110011000110
1111110111001001
0011111100100100
0000010010000001
1101100110101000
0100001111110001
1101111011101110
0000000000111111
1110101101010010
0100110101010001
1101111011000100
0010000110111100
1101010111010101
1011010101101111
1111111011000110
0001000111100100
0101011100100011
1011111110110010
0111111110100100
1110111110100101
1100001101011111
0000110000000011
1101101101011001
0000011000111011
1101100101010011
0100001100000011
0100011000010010
0010010000011001
0100110100000011
1100000101111001
0000010000010111
1000101110110011
1101100111011010
1011100100100001
0010110000101000
1111000011000111
1000001111100001
1001001100011000
1110011100000001
1100101011110110
1101100000110111
0011010010000111
1101101010000101
0011100001011111
1000010010111000
1001000100011101
0010010011000100
0100110000110110
0110111010100000
0001111101001110
0111101001011010
1000000001001001
1101111001101110
0110001110110111
1110110011011000
1101101110101111
1101100010100101
0010001111111110
0010000001111010
0110011111001101
1010100001100001
0101101100111100
1000101101000010
1110100101111111
0010100011001011
0000001100000001
0110111110101011
0011111101001111
1000010110111101
0100000010100010
0101010010001001
0110100010110001
1001101001101101
0000011110101010
1101111100000000
0101000100000001
1111011000010110
1101011101000110
0000010010100000
0100010011001100
0000111101011100
1101010001100101
0111011110001100
0000010010011100
1101000111011101
0100101000101111
1000011011111011
1011111100100111
1110100111001001
0000101010001000
0001010011000101
0101011101010111
0001001001010000
0100101101011011
0110100010110110
0101100010100110
0101110000011110
1001100110000001
1011111101001100
0000010011101101
1110111110001111
0101100101100000
1000111100011111
0101001100011100
0100111011110100
1001100001011000
1010011101110010
0011110011100110
0011011111010111
1000110101000000
1001100101001001
1111010100011111
0110000011000001
0011010100101111
1001000000111101
1011001010011100
1000000110101101
0101110001101011
0111000011000101
1010101110111111
1010010110000011
0010110001110000
0001100000100111
1011010110110100
1110100100101000
0000110001110000
1101100110100110
1000000010110101
1110010011110010
0110011010001100
0111110101111111
1101111000100111
1011000011100011
1011111010101101
0001110000101101
1001100101111011
0110001110110011
1110101101110100
1011101011000011
0000011000100000
0011000011000101
1010110111100010
0011000100101000
0011100011110011
1001010011101100
1011011111111011
1011111101101001
0110100010100000
1001010110000000
0000100001000011
1001100100011101
0001101001001110
0011000100101011
1110101110100111
1101011010111000
1001001110011110
0110111010110110
0110000000100100
1110110100001000
1101011100100011
0010000101001110
0001111000101011
1000011111101001
0100011011110010
0100100000011010
0010010111001001
0101101000011100
1001111100000110
1110010011100001
1101101001010001
0010100110011000
0101111011011010
0110010100100001
0101000111111001
1010000110101010
0011111101010101
0010000000101100
0110110111101000
1000000110000011
0011011101111001
1001000011110101
0110010111000011
0111000100010101
1101100000001000
0101111001110011
0111111001001110
0101101001010011
0010010011100001
1100100001010101
1111010000001010
0000100110001000
0110001110100010
0110011001111101
0000111100000010
0011110100001101
0110100011111100
0010111101000111
0011001010011100
0100111011101001
0010111110100111
1010010001100000
0111100001111010
0011100001101110
1101011001010110
1100000110011010
1000110001000111
0110000001111100
1000000111110100
1011111111100010
1110100000010110
0001101010110100
1100010010101110
0000011110100001
0101011001111110
0110111000101001
0011100000111010
1000111111101011
0011001010011000
0100000010101000
1000000101101010
0101101010101101
1011000110100001
1101011001101010
0101001101100001
1000000101110110
1010101011011010
0010111111001001
1110001110010010
0000111100010000
1001101110000001
0111110100010101
0111111011000010
1101000101000100
0000110010011110
1100110110011001
1011101011011010
0011111011111101
1110011100100000
1101110111011000
0100011110000101
1010011111111011
0111100111000111
0001100111110100
1011010001110011
1101001011011101
1000011101111101
1100101001101000
0100011110100101
1010011101001000
0011011010011101
0110010100101111
1111001010001000
0010011001010100
1010110000010011
1000011101111000
1000001010011001
1111100001111100
0101001101100011
0000111011011110
1101101101100110
0010111100010100
1100100111101011
1101101101110101
0010101100001110
1110010010111000
1010011110000101
1001011110000001
1111011011111001
1001100111001001
1001011111111010
1000111000110111
0101011100100100
0000001111111100
1111101011100000
1001110010100011
1001010000101000
0100110101011001
1011011111101000
0011101101101001
0111010010001111
1011011101111001
1001100110110000
0011101001000000
1100110110000100
1001010010101000
0000110011111000
1010100011101100
1101011101110000
0011101001001010
1011100100000110
1111010111000010
1100011110101011
1010011001101001
1010100001111101
1011110110110110
1001001111110000
1100100111110100
0000001010101001
1001110111111101
0101011111100101
1011001010000101
0000111110110000
1110110110111111
1100011001111110
0110001011011111
0010010111000111
0110111101000111
1110100111100000
0010011001101010
1001000111010001
1111111101101011
0111100011110010
0011100010111111
1101001011111011
1111101101101001
1010111110111110
1011111000100001
0011101100010001
1101011110000011
0111101111110101
0010010010110110
0100100001001100
0101101101101001
1100010101111010
1010000110101110
0001110000100100
1100101010111110
1001111101001010
0110100010110110
0011100111001101
1010000101101100
1111110110101010
1101110011011100
1000001111001100
0011110110000000
1001000110110011
1001000111001001
1100011000000010
0110100010010011
0110101000000111
1010000101101010
0111000010001101
0101001100010000
0000100101110111
0111110011100101
1111111111111001
0010010100011011
1100000000111111
1100101101101101
1111100110011011
0010101111011101
1011000100010001
0001101000111001
1011110000011110
1001110110010011
1100100111001010
0011110100011001
0110101000110000
0001100010011100
1000001101000010
0011001110001111
1001100001111101
0010111000100000
1100000000010110
0011010111110101
0110011010001001
1110001011101011
1000001110011000
0010111000000110
1011100111010001
0110101000001011
1001101011100111
0011111010010111
0101111011110011
0110101000000000
1100000111101101
1100001010011101
1001001010001000
1011000000100110
1000101000011000
1110010011001100
0000110111011101
1101111110100010
0111010010111110
1011000101110101
0111001110110111
0010111000101110
1111100100111111
1100101101111110
1110111111010111
1010110011110000
1011000111101111
1001111110111110
1010000101010010
0111101010111100
0001001110011111
0010111000010100
0101111111000100
1111110110010110
1000011111111010
0101010100100111
0111101111101101
0100100101100111
1101010101101010
1111101010011111
1001010011010010
1100000110100000
0011011000010101
0001010001111110
0101010110100110
0100010100111010
1100000001101010
1010100110101110
0010000001100011
0001000001111101
0010110000111010
1000101101100100
0111011000010100
1000100100101100
0100101000001010
0000101011011000
1000010111010100
1001101011010010
0001010001000010
0110101001011100
0111100110110001
1000000000101000
1010010001010101
0000101100110110
0100110110100000
0010000100000111
0110011011100001
1101100110111111
1000110100101011
0100100010000110
1010100010100110
1110100001010001
1101101100101010
1010110110011011
0100110001000101
0001101000001111
1001010010110001
1010011000100000
1010010011111001
0111111111010011
0010101010011110
1000110111110011
0010010100110110
0010101110011001
1010101011001001
0010010000101010
0011100001010100
1011111010000100
1100101000110000
0011110101010110
0101110011100110
0111101110010100
0110111011101011
1011101110001111
0100000101001110
0011011011111111
1111111100110001
0111111110110010
1101111001000110
0010100000001010
1100010100101101
1101100011101111
1000000011010100
0111110110111001
0110000101010011
1011011010110110
1110101000111100
0010001111111111
0111100010000011
1011111100011001
0101101001011111
0011010110010001
0100000000011011
0000001000101001
0010011011101001
0011010011011010
1000101110001001
1110111000001110
0001000000001100
0110101000110111
0000111110111101
0010000100010010
1111001101000110
1010011100110111
0100000111011111
1111010001010100
0011011110000111
0100110001100001
0011110000110100
0001011000010011
1011001101101111
0011001001101010
0001010101101100
0011001001100010
1110011110110111
0010110000110101
1101011000101110
0110011111011001
0111011000100001
0001101000010101
1101011010000101
1010011011010100
1110000010001000
1100110110000010
0000100110001100
0110011110000001
1000101010111111
1011110110011001
0010010000111001
1011110001001011
1000011100001100
0100011111000101
1001000011001101
1110001010000100
1100010101011101
1111100000010001
0001010000001110
1111110010000111
1100010110001001
0101010001011101
0100110011011101
1101101010101001
1110000011100011
0111110100110111
1001010101100101
1111111111010011
0110101111111110
1001000001111110
0010110101101111
0111101100111101
0100011111010111
0100110100100111
0110010101101101
1010111011011011
0101101000011001
1100100100110011
0110111110100000
1111110010011100
1100000110001100
1100000011001001
0000001011000011
0111001001011001
0011110111000001
1110101011101010
0010010010010111
0001000110101010
0010010100100101
1010110000001001
1011010010010000
0100011001110010
1000101101001000
1101001111111011
0111111101010110
1111001100001110
1111001001001100
1010111110001000
1111100101101011
1011000101001001
1001100011011000
0010101110101001
0100111011100010
0011000010010011
1111100111010001
1010010110111001
1100111111110100
1001000011011110
0011000110110001
1011101110001111
1010111001111000
1010111011000010
0110100100010000
1001110011001010
1000001110000111
1010101101101010
0100010000101110
1011100111010111
0011011011111111
1100110010111011
0011110011000010
0110100100110101
1001011101001011
1011100001000010
1011011001100110
1001000100001110
0011110110100111
1110110100011001
1101010100011110
1101111110001110
0011100111011110
1000000001001100
1010011110111110
0010100101100011
0011001111010110
1100100100110110
1101011101100111
0100001011110010
1110100011100101
1111000001110011
1011001000110111
0000011111011111
1111000100001001
0010101010000010
0111101100010011
0100000110001010
0101110110101011
1110100100000011
1111111001001110
0011101001001101
1100000010011011
0010110111111101
1000001100000000
1000010000111101
0101110101000101
0001100111101101
0100010101011010
1011101101100010
1010010111100101
0011000010101110
0001000010111000
1110001111111000
0010000110011011
0101010011010011
1111000101100000
0101100010000110
1001101010110011
0011111110111001
0011000000001011
0100111010011110
0001101101010011
0000101110101100
1001011000101011
1100111100011110
1110111110010010
1110101101000100
0100001110010011
0011101001001110
0101100010011101
1101110001110001
0101110010100001
1100001111110011
1111001010110101
0001111100000101
0011001000111111
1010001010111001
0011101101100111
1110100011011000
0011110110011110
0111100111011111
1100100011000001
0110100100100010
1101010101001101
0001101101001101
1101001110000100
1100011011101000
0010000000100110
0010111011001010
1011110000001000
0110000101101001
1000010111010100
0110000111111100
0010010100100000
0100011101111001
0000100011000011
1111100110100111
0000011100011001
1000010111010101
0000010000110010
1011110010011111
0010000001101010
0111100010111110
1101001011100000
0100110100011001
0001100011101110
0100001001101111
0101101011010110
0111001011100111
0100001101111100
0010100011011101
1111010000001111
0101101000011011
1101101101100011
1111001001011011
1111101010111100
1110111001110110
0101110001111110
1101100101100111
1011100011001011
0000100011010000
1110100111101001
1011000011111101
1011111000001100
0010011101010101
1110101001010000
1010111000110100
1000011000111101
0101000010101101
1000100010111000
0011111111011100
0100110111001011
0010011101100110
0110110000011101
0000101111011000
1111110100110001
0100100111100011
1111101100000001
0000011110000111
0000010110010110
1000001100111110
1011101111011101
0000011001101001
1001111011101111
1100101000001100
1011110010000110
1010001000011000
1110110100001011
1010010110101011
0011110101101001
1010011111100101
1001110011000000
1100010110110101
1011011001101000
0101110011101001
1101011111110111
0100111101111011
1010111111001011
1100100100111110
0101011111101100
1111110011000110
1110011100011110
0100001110100001
1110110000100111
1001010010111111
0100111011010001
1010001111010110
1001111011101101
0010110100001100
0110010101101100
0110111011101000
0011101010001101
1111010001011100
1110100000100001
1101001111010001
0011101001101111
0101011000101101
1100010011110001
1101110101111001
0000110101110000
0010110010000110
0000001101011001
1011010101011100
0000010001010001
0100001001010001
1101100000110011
0111010110000010
0100011000010001
0011000001100010
1110100010100010
1101100010111101
1110000010011011
0101011100110100
0010100101001111
1010001100111011
1000000101010000
1101001111110011
1110110000011110
0111001001001010
1110011000011001
0101101011001001
0111011001001000
1101011000100100
1001100111110111
1000100111101001
0001011111010111
1111001111011110
0011110101000111
0011101111100100
0000011110100010
0000101111110110
1100111110011000
1100010101110110
1001111011010111
0000001011101001
1111011010101011
0000110000000110
1100001101111101
1101010001011101
1010011000110111
1100010111000101
0110110111001100
0110100111111001
0100011100110100
1101100001010010
0100110010101110
0000100001101111
0000010000000111
1010101001110110
1010010101101000
1001011101010010
0011111100010110
1111001011000010
1000111101100110
0000111011010010
0010011010010000
1000001010111001
1001101100001101
1100100000000000
0010001111001111
1111101110111011
0010101010011001
1110000011011011
0011011111110001
1001000000111110
0100001101101101
1011111010110110
0111001111010010
0010100010000011
0111010110000010
0111000000001110
1110001011100110
1100001010001011
0010111110101001
1101011110101001
1001001001001111
1001100000001010
0101110001011100
0001011000000111
0110111011111001
1111110000010101
1000110010011110
0011010001111010
1011010000101100
1010110011001011
0011001101001010
1011111011001111
1100101011011001
1100001100101110
0110100010011011
0101101011111010
1110100001001011
1100011000000111
0011101000010100
0010111001110001
1011010110100111
0011010011000001
0001001100100010
1100000011001000
1001111001111001
1110010110001110
1001101110111111
1001110101110010
0010000110101100
1111001111010111
1101101101100110
1010100011101100
0100011010000001
1101001100100001
1011111010110001
0101110000010110
1011011001110110
1010000010110100
0111010100001011
1110101110111100
0000000000011011
1110001100001010
1010100011010000
0111010101001001
1100011011010111
0001110010010010
1011010001010000
1011110000001100
0110011001110100
1000001110001110
1110011100000101
0011111111011011
0011011010010011
0110011010001001
0001000010001001
1111110010110010
1010100111010110
0011000110001001
0111011100011001
1110100110111101
1001010000011110
1101011100110110
1001111111111111
0000110101000101
1010111001100101
0010011100011000
