0001110010110010
0100110101011001
0101001000110100
0100011110100111
1111001111010010
1111011000011110
0011100100011000
0011101111010101
0101101100111010
0100110000000111
0101010101000010
0100111101100011
1111111100100010
0001010000001100
0011111110000110
0000011001010101
0100000101110000
0010010010010100
0100001001001000
0000001000111101
1100001011011110
1110001001110100
1100000101110001
0000010000100010
1110011010011100
0001111010110111
0100001010011100
0000101110010100
0000000111011111
1110100110111110
1101011001001101
1111111110010000
1111010110000000
1111100011101111
0000010110101111
0001011110110010
0001110101111101
1111111111111010
0011100001011100
1101000101101111
1100011111001010
1010111111000011
1110101110110001
1110001001000000
1110001111101111
0010011001111010
0010101110111011
0110000010111110
0101111101101001
0100000000110001
0010110100110000
0010100101000101
0010010111000101
1010100110101111
1010111110000111
1101110001100001
0001110001100111
0101000101111101
1000010100110100
0011001101001011
0101110101101000
0101011000000100
0110000010011000
0000110101000001
0001010001100010
0011001101100001
0010111111000100
0100111110010100
0101010100110100
0110001111110100
0111011110011101
0000110111110100
0010000010000010
0101100000111100
0001100101001111
0100100100000011
0000110111110100
0011010000110011
0001101000011001
1101101010010100
0000100100000000
1111010011001010
0011100101011001
0000110001111110
0000111001001000
0010010100011100
1110111111111000
1110011001001100
1110111001111010
1011000011011110
1101101011000010
1110100001011100
1111011001011000
0001000100010010
0011110001001001
0100000001000010
0011001010110110
0100110000000010
0000000010111010
1011101010101100
1100011011000010
1111001000110100
1110101011011111
1111001001000010
0001101101100010
0100010000100011
0101010001111011
0101011101011111
0011101000111110
0100101010111001
0110000100011001
0011011001100110
1100111010111111
1110010010110101
0001001011100010
0100000111101101
0101100100000010
1010011100001110
0011110011111110
0100111110010001
0010110000110100
0100110111111010
0001100100100001
0000110001000000
0011010111100001
0010111001110111
0011110001101110
0100111001000010
0100001101000111
0101101011101010
0001010100000111
0001100001100101
0100000101101100
0000001001100010
0011101000001101
1110111010100100
1100111111011111
1110011101110110
1100100000010100
1110000011011010
1100101110011010
1110110001001011
1111101111010001
1111110011000000
0000011110010111
1111001011111111
0000101011000010
0010001110111101
1101111010100101
1100110011110010
1110110011010101
0000000110110010
0010011110100001
0010001010010110
0011111001000110
0010110110100000
0100011111110001
0010101110110001
1110000111010101
1110011100011100
0010011010010100
0000011111100101
1111011001011100
1101111110101010
0001010100001100
0101100001001001
0011001100111100
0011110100100000
0100111000011001
0110000010001001
0000110100000101
1100001011011101
0000001100001001
0001111110111111
0100001010001111
0101101011101010
1001111111111100
0011100011110111
0011101101000011
0000110111110011
0100001000011100
0000011000101100
0000011100110101
0011011000011101
0011100110000110
0100010110010111
0011101110010010
0100100100111101
1001101001001101
0110010110010001
0110011101011010
1001001010101010
0101101011111110
0111101010110110
0001011100000110
1110011011001011
0000001110101011
1100001010100011
1110011100100000
1011001011000101
0000010101101011
0010000111010101
0001000010000110
0011011010100000
0001101111111010
0010001001000110
0000101011011000
1100111100100010
1100111001110010
1111111011000111
0001001111111110
0001111100000101
0011011101010101
0010110001010001
0011011100010010
0100011001111000
0011001010011101
0010010101010111
0000100101101000
0010011010011001
1110101011111101
1011011111011110
1011001001110101
1111011111111001
0011010110110000
0011100111000010
0111001000010001
1000100111011000
1001100101100101
0101011000011100
0011011110010101
0110110100011000
0100011000111001
0110001001110101
0101110000100101
1000010110010001
0011010101110101
1110100111100100
1111111001101111
1111000110001110
1010111100100001
1110011000011001
0010000101101110
0010001111011010
1111011111001101
0001000001000011
0010000111110101
0110010000100100
0100111000010100
0110001000000101
1000101111001100
0110011110011110
1000101101000011
0100000110111010
1111111000111101
0001011001001011
1101110000110011
1110100010100101
1101101110000101
0000001010111100
0000011010111110
0001101000011010
0011000010000000
0001100010010100
0001010111101010
0001001010111100
1110111001100000
1110111101001001
0010010111101011
0011001100011010
0100001111001000
0101011000111010
0110100001000011
0011101101010101
0110011011101001
1000001111010101
0110110100110011
0110000101011100
0101001010001111
0100000000100001
1110010000111001
1100111101101101
0000110010110010
0010001001100000
0001110001010100
0010111100011001
0110100001000100
0111110010001010
0101010010111100
0010101111010111
0111100010001111
0111010111011001
1000011001000111
0110110110011010
0111100111001001
0011100000101001
0011010001001001
0100000000011111
0000101100011000
1011111001011011
0000011010111101
0011000000000110
0001100111101011
1101111001011111
0000010110101111
0010100000001001
0100011000011101
0100111001101101
0100111111010100
0101100010001001
0101001010110011
0101100001011110
0010100011101100
1111111001101001
0001011100010100
0000001111101001
1101110101111010
1110110100011100
1111000101111011
1111111000111100
0000111111111010
0010001010000001
0010100000110110
0001101111100011
0001111111101010
1111000110100111
0000110011110101
0010111101110101
0010101111100000
0100101000000110
0101010000101110
1000100111011101
0111001101001100
1001011000000000
1100101100101101
1001010000001000
1000111011110101
0100101000100010
0011000101101001
1101011111001001
1011010111111110
1111001000001100
1110011100000000
1101110000000000
0000100011011101
0110011111001011
0111011011111000
0011110001011110
0011001110111010
0110011101110001
0110101001110111
0110111010101000
0111001101001000
0101000100001000
1101001100110100
1100011001011001
1100010001111000
1001001111000101
1000010001110010
1111000101010000
0000001101011101
0000010100100100
1111010110101110
0001110011001001
0100001010001111
0100110111011001
0110111111001110
1000111110101110
0110100011010111
1000000111100001
1000000111111010
0011111011000100
0000110100000000
1111111100101100
0001001010010000
1101011111010110
1110110010111011
1111000101000100
1111111000011101
0011001110011000
0010010110011001
0100010111101111
0100100111100000
0100111111111000
0101101010101010
0011111100011100
0111001110101011
0110100101110101
0110111000101011
0111000110111010
1001101100000100
1010010010001100
1011111110101000
1111000001101110
1011110101100100
1001110111111110
0101001100110101
0010010100010100
1100010010111001
1001111001110011
1110100011011110
1111010001111100
1110100000100001
0001011001011110
0101000101001101
0110010111001100
0011010100111000
1111110100100101
0010011101111000
0100000001101010
0110010000000010
0101111101110110
0011011110001101
1001010010100110
0111100000010000
0111011010001011
0101000000111110
0101111010100010
1100100000000110
1110110100001000
1101110101101001
1111011100111010
0000110001111110
0010000001110011
0010111110000100
0100000011011111
0100011001111100
0010001011100110
0110110100010101
0111000000101011
0011001101100110
0010001001010111
0010111101100011
0001111111000011
1110111000011101
0001001111000000
1111101101110111
1110010000101101
0000101111010011
1111110011010000
0000100100011001
0000000111100100
0000010110101101
0010110001001000
0000010001100001
0100001100101100
0011011001000100
0010110011001111
0100000100110000
0110100101101111
0111011011110100
1001010001010101
0110101110011100
0100001101110010
0011011010010000
0000000111100110
1111000100101111
1010101000011100
1010001000010001
1111011001000011
0001111100001110
1110101101011010
0000010011010010
0100001111000000
0110000100001110
0101110011000100
0000100101100010
0001100111001011
0100101000001001
0111100010111110
1000001000010001
0011010010011100
1011000101101010
1011101000111001
1110100001100010
1001011010000101
1011100000101100
0001111101110101
0001100100100110
1110011110100110
1110000011111010
1111011000010001
0001010111000111
0001110010001000
0011011101000010
0110100101010011
0110100010111010
1001001011110010
0110111010001001
0100011111010101
0011111110010001
0000111001101011
1111000010000011
1101000111000011
1111011010010110
1110110111101011
1100101101000010
1111110010010111
1110001100101001
1111110011001010
1111110110000101
1111111101101001
0001101001010100
1110111011110010
0001000100101010
0000000000000000
1111001101110100
1111101101110011
0011000010000000
0100000111010100
0100100100001010
0011110010011111
0011000000101000
0101100110101010
0001100100010010
0000001100110110
1111000011110110
1111000011011111
0000111000111100
0000101001100011
1111010010001101
1101111011000101
1111111111101101
0011101000011001
0101001001011011
0001001010010001
1111100101010001
0010100111000000
0110101010001011
0100111111100111
0010010001001010
1000100011100101
1011000100111111
1110110101010011
1010100000011011
1110111100000010
0010110101100101
0011010111100100
1111001100100001
1110111111101111
1111010011011100
0000010101001001
0011010001011000
0010100100101111
0010101000010101
0010000100010100
0101111100111000
0100011101011110
0010000101110101
0011101110011100
0001101010011001
0000010000100100
1101000101101011
1111100010010111
1111100101101001
1100101011010111
1111101001001111
1111010001110111
1111100000010110
0011100000100100
0100010000001111
0101001001000000
0001100000101011
0000100010100101
0000101111101001
0000101000110000
0001001110110100
0100000000110110
0101100001101011
0110100100110110
0110001010001110
0101000110111001
0100001110011110
0000111111111101
0011000010011000
1111100101000010
1100011011101101
1110001111111100
1111110110010010
1101110100111111
1010000110111010
1011101001001111
0000001001011001
0010110110111011
1110111010101101
1110000110111000
0001001001000111
0011101100010000
0010010101100101
1110000011100000
1101111010011000
1111011100100010
0001110001101111
1100111010001011
0001011110000101
0101000110101110
0110110100111110
0000101101010001
0000100111110010
0000001000000101
1110100111011100
0010111110100001
1111111001100001
0001110001000001
0011000001110001
0110000111110000
0011111001000001
0000100000001011
0010100110000010
0010010111010111
1111010010101001
1110111110000111
1111100000110110
1111100001110000
1100011110011001
1110011110100111
1110110010110000
1111100000101010
0010011000100100
0001101101110110
0100110111010110
1111011010111000
0000000000000001
0000001010100010
1111010100111100
0001101101101011
0000101100100011
0001110110111100
0011011011101000
0010010001000111
0001011000011011
0001100100000000
0000100000110110
0010100101000011
0000101011100010
1011110101101110
1101101000111010
1111110011011101
1110001000111001
1100010011000001
1011010110110110
0000000111110101
0100100011101000
0001010011010001
1111110010001101
1111010001100110
0010010101110010
1111111001000000
1100110011101000
1100101000110010
1110111001110100
0000001100000101
1100011101101000
0000100110000011
0101000101000111
1000001100011101
0010000011001101
0010001011110000
1111000100100011
1110111011111111
0001011001001111
1111100100011000
0000001111000000
0010010101111001
0100011001111001
0001101010100000
0001011001001101
0001110010100110
0100100101110001
0001000011100101
0001001011110010
1110111110110110
1101011000100000
1101100100001001
1111110001011100
0000011011111101
0000011101001100
0000011111111110
1110101100001111
0010110101100110
1101010100111011
1100100011001111
0000010010010010
1101110010011111
1110101001000000
1111010011000011
1111010111100101
0001100011110110
0000001011000110
0001101100010010
0011001111111110
0010100111110101
0100000111010010
0010101001001000
0000010000110001
0001100001111100
0010000111001001
0010010001100000
1110011111100101
1110110000110010
0000111001110111
0011100110111000
1111111100000001
1110011111011110
1111010100000100
0001100110010111
0000001111101010
1111111001110101
1100111001110110
0001100101100111
0100100000011100
1111100001011111
0001010001101010
0011100101011001
0101011100110010
0000011110100000
0000011000101000
1110100001001011
1101110111001101
1111011101001000
1110110101101001
0000001011001111
0010101101010101
0010000010110000
1110110010010110
1111001101110101
0000111100101000
0011010000010011
0000000100010011
0011001110001000
1111111011000100
1110110001111101
1110111000111111
0001100011110011
0001101001010001
1111100011101110
1110101111100111
1100010011111001
0001110101011101
1101001101011110
1001101001111110
1100111001010100
1101101001011101
1110110010010111
1111000101101110
0000110010011011
0001100100011001
0001010110110101
0100001111011010
0011100011001000
0011111110101100
0011100011001110
0010100100011000
0001000010010001
0001011010101101
1111110110011001
1101111111111101
1101101110010011
1100110111011000
0001001010001011
0100100001001000
0000011111100010
0000000100101100
1111011010110010
0011011100001111
0000110010100101
0001110111010010
0000101000101100
0101110000101010
0111111001101111
0100111011111000
0101111011100100
0101011011001111
0110000010000100
0000011011101010
0000111110000100
1110001001100111
1011001000101110
1110010001100111
1111011000001101
0010111001001100
0011111100111101
0100010000001011
0010011000001101
0000101101000001
1111100110001000
0000010000100001
0000001010101010
0001111101101100
1100110010100100
1100100010101010
1101011111101100
0000011001010110
0000111011111001
0000100000110001
0010001101011011
0000011110110001
0100011101110111
0001100001110011
1110010011001000
0001010010010101
1111111111111101
0011011001111000
0011111101110010
0101100011001100
1000001110101100
0111011101100001
1001000101101101
0110000111011011
0011010101101001
0000110000011111
1111101111100001
1111110010000101
0001011001001110
1111000011001100
1101101010110100
1111001001111110
1100010111100100
0000100011001011
0011001000010111
0001011010110001
0010010001100001
0000100000110100
0001010001000010
0000111010011011
0001011110001000
0010000001101101
0011011011001001
0101110010001010
0100110001010010
0110111100001011
0110000010100000
0100011001111001
0010000010100100
0011001001111001
1111110000110011
1010111111100100
1101101010010101
1110011001010101
1111111100111101
0001110001101110
0010001011110001
0001110011100010
1110100101010011
1111111001001011
0011010110100000
0011101010100000
0101101011001001
1111111000000010
0001010000110100
0000011010111001
0010110010110100
0011100000111001
0100000101111111
0011110000100111
1111011110111011
0101010011001001
0000010101100100
1101000101100111
1111010000000011
1111000001011110
0001100011111100
0000110001100001
0011000111010001
0101110110001111
0111101111111000
0110000000111011
0011011010001001
0011111001101011
0000010101101010
0000001010110001
0000000011100010
0010100101011101
0000101010001001
1101000000110110
1110101110111001
1110101010000111
1110110101011010
0001111011001111
1111000101111111
0011010101101011
0011100010001001
0000101001000111
0010010110111101
0011000011011100
0011111110011111
0011111000010000
0100101000001011
0010010110110101
0000111110001110
0010101000010011
0000100010110101
1101110000101010
1111110011100100
1110011010001100
1101010110000111
1111001010110100
0001001110111001
0010100010111111
0011001000010110
0010100111100101
0001111010110010
1111010001111000
0000001110111100
0001001100011011
0001010110100101
0011001011101011
0000111110000110
0100001100000101
0010111111110010
0101100110110110
0100001010111101
0100101010101110
0000101110111111
1011101100010101
1111111110110101
1110110011101001
1100001000000100
1111001110000110
0000111101101100
0010111101000111
0011001110011101
0100010000100011
0101000000011110
0101111001000110
0000111010111100
0001000110101100
0010101110111100
1111111101001101
0000110101011010
0010101111100010
0100101111011101
0010011011100100
0000001001000001
0010010010101111
0010001001110011
1111110010000110
0011001000011000
1111100000011101
0000011010100110
0010110100010010
0001011111010000
0011100110010010
0010110111101011
0011011110111111
0011101111000011
0100001011000011
0011101111000101
0011000001010010
0101111001001001
0011010101000110
0010100001010110
0100010100100100
0011000100101111
0000111010101001
1111011111100100
0001111110101000
0001101110111011
0000011111111001
0000100100111000
0000011010011110
1110100100100100
1111111101000101
1110100010001110
0001010100100110
0000011111011110
1111101110001111
0100101000011110
0010010001111100
0100101101110110
0110101010111110
0110001001100010
0011101010010111
1101101100100101
0000100110000101
0000000101000101
1010111011110001
1101010001010101
1111101100101101
0011101000111000
0011010111000110
0110010101101101
0111001010000000
0101111000010010
0001011011110000
1110110100110011
0000001111000101
1100100101110110
1110010011001000
0000101110001011
0000010101110110
1111011110010100
1100111111100101
0000011100001111
1110111110001110
1101110110110010
0001000101011001
1101000000101100
0000000011010010
0010010100001011
0001110111101011
0010110100001010
0000010011011101
0110110111101001
0110111101011000
1000101001111111
0111001111010100
0101001111110110
0101011000101110
0011010011101000
1111101100110111
0001100010111010
0010000011000000
1111010110100101
1111100111011000
0011001011011110
0100011000111011
0001101010010001
0001000011100111
0000100101010111
1111000110101010
1111101111111111
1100011010010001
0000000010101101
0000100100001100
1111010010100100
0100101010101011
0010000100011000
0011101101011010
0101001001011000
0010111001010101
0000101011001110
1101000011001001
1111000010100101
1100111110101001
1000100000111110
1100101001010001
0001000110111111
0100111101011110
0100100111101111
1000111011000011
1010110110100000
0111100111100001
0011011011101111
1111000001010001
0000000001100111
1100101101101010
1110010001001011
0001110110101000
1111111000010001
1110001110111100
1011001001010011
1110011101111100
1011100110000001
1101000010001001
1111111111101001
1101111001000100
0001111101001101
0101000011111101
0001001011010111
0000100000010110
1110111110101010
0110001010110110
0111001101000001
0101111001000111
0011101101110100
0100110011111001
1000010111001101
0011111101011100
1111011000000101
0000111001001110
0001101110110011
1111010001010111
0000001011101010
0010000111110010
0001010110011110
1110011110100101
1111001101001111
0010010000000111
1110101111110100
1111100101101000
1100011111110110
1110010000110100
1101001100111001
1100011100110101
1111111000010111
1101100001011001
0001011111011111
0010010000000000
0000110000110000
0000101000001111
1110011011000000
1110101000100101
1011100110111000
1010000100000010
1110000010101011
0001011010010101
0011100101000111
0001011011110001
0101100011110000
0101011101010001
0100011100111110
0011010000010000
1111100110110111
0000110011011100
1101101010001110
0001010000010110
0100001101110100
0000110110010101
0000010001110000
1101110110000001
0010010110011101
0000100010110110
1111101000011110
1111010100000101
1100110011101011
0001010001100101
0011010001011101
1101000011010011
1100010110101011
1100011010110111
0100101010001001
0011100100100001
0011100100110100
0001110001001000
0010100101001010
0100110010100110
0001100011000110
0000010001110011
0010101101111101
0001111110000100
0000010011010001
0000110011111001
0011101110000111
0000110010011101
1111001001011001
1111110111011000
0001001011111001
1111001110010100
0000011101010111
1101001110111110
1110010001001001
1110110100000001
0000111000110010
0100110001000110
0001111011100011
0011001000000101
0010111001111000
0001010100111100
1111000011110111
1100001010010100
1011010110110001
1001000010010011
1000011011011100
1100000001101011
1111101000100110
0010101000111001
1111000000011100
0001101011001101
0000111110101100
0000011010100011
0010011110110010
0010010010010000
0011001101111000
0010000011010000
0100011111111001
0011110010110001
1110000101011001
1100101100111110
1101111001010100
0010001001001111
0010000101001010
0000100000000111
1111011010001111
1101000110100010
0010010010010000
0001110010100010
1101100011100101
1111010101010000
1110111000110010
0011111110011010
0100001000100111
0011100001010111
0001011111111000
0001010001010000
0011011100111001
0000100000011010
1110101101001011
1110001100011100
1100101010001110
1110100111101000
1110001110000111
0010010110101110
0000110001100110
0000010101110001
0000010010011111
0000100100101101
1111111000011110
0000011100001010
1101110010010100
1100000110101000
1111010111010100
0001110100101111
0101110010100111
0110000001001101
0101000001010000
0101110010000010
0011101011111110
0000000000000111
1111100111101110
1101111101011111
1110000111011010
1100111001001011
0000000001001001
0010111100111100
0110111011100001
0011110110100011
0100110100011010
0100011111111010
0011100010010111
0101100010100010
0100000010011111
0001111110011101
0010100010100110
0011111110101110
0010010111010001
1110001111111111
1101100000101110
0000011000010101
0110100110101010
0011111000101001
0110010100110010
0100111111001101
0000100001111101
0011111111010111
0010101000100110
0000111100001101
0000010010110110
1101110101101110
0101001100011100
0110000001101100
0101111011111111
0101001100000101
0110011011001110
0101001100010101
0010010011110000
0000100010100010
1111000000010010
1101000010110101
1101011001010101
1111001100011100
0010111011111011
1111001010110011
0001100000110000
0000010110001110
1111010011010011
1110011011000100
1100010001100011
1101001110001011
1010101100101101
1111000110000100
0010010111000011
0011111101011110
0100100101000010
0000110100000100
0100011110001111
0010000100010111
1101100011000001
1111000010000000
1101111110110010
0000001101100110
1110000101000001
0001001100101111
0011100111000100
0101011101000011
0010010010101100
0011111011000010
0100001111110111
0000001110111110
0010100001110000
0000101100011111
1110001101101001
1111101111010111
0010110101100001
0010010001111000
1111100101100110
1110010010010010
0010100001010001
0101110101010101
0100110110111001
0110101001001100
0100111000110001
0001010110001110
0011010110101001
0001111110011010
1110100110110111
1101011000101111
1100000001111010
0001100000100100
0100000001001111
0101000111101000
0011011111011100
0100010000010100
0011111110110010
0011010010001010
1110111010100000
1010011101010111
1011111001111000
1110011110101001
0000101100100111
0011000001001111
1111110001010110
0011000110101000
1111111000100001
0000001000001111
0000011111100111
1110111000001101
1111001100110001
1100000101000100
0000000100000011
0001110111110111
0000111110000000
0001111110011001
0001101110110010
0101011001100100
0101001010011100
1110111100001010
0000000100110101
1110111101110111
0000000101011100
1100011110000101
0000010010101111
0010000001111101
0100001011001000
0011011010111111
0101001000001100
0101011101101011
0011101011100101
0101111001000010
0110010011011101
0011100011000111
0011010000101111
0011100011101000
0011101110011000
0001010010011011
0010011001111110
0101001110101111
0111011000100100
1001011001010001
0111000110001100
0101110101001101
0001101000011011
0011001111010100
0001111011110100
1101110010110011
1110010011011010
1101111100100111
0010100101000011
0011011101110011
0011001010010000
0100101100111011
0110111010000110
0101001111010100
0100110100101111
0001111111111010
1110001000100010
1101011010011100
1111111001111100
0001100110011110
0001001010011100
1101000000101110
0000001100000001
1101011011000010
1100100000000011
1100011111101001
1011011111111010
1110011100101010
1101100011000101
0001101000110001
0011001100100000
0001010000001000
0010110001111011
1111110111010110
0010000001001100
0001010100011000
1100000000000011
1110110001101100
1101001111000000
1110110000110110
1110000010111000
1111110001011011
1111000101110000
0001011101000000
0001110101100011
0011101010110001
0001100001010010
0100010010000011
0110100000101111
0111100010010100
0100010010111100
0011000000111010
0010000101111111
0000011111011011
0000110101000000
0000110011101001
0110000111001000
1001011010101100
1100001010000100
0111101100101110
0111011100010001
0011110111010000
0100101000110001
0010001110110111
1111100111001100
1111111100110000
1110110101100111
0011100110101100
0011101000110001
0100110111001100
0101010100111100
0100111000000110
0001100011110111
0000011011001111
1110111101110111
1100000100110010
1100010001011011
0001111000111010
0010101101100010
0010000110011001
1101100011000001
0010011001001100
1110001100011011
1100000100011100
1100001001001010
1100000010110111
1110100011100001
1100011111001001
0010000111111011
0011101010000110
0010010111001001
0011010010000100
0000010110000111
0001000110110111
0011011110010001
1110111000101100
0000011101011110
1111111110110101
0001100011010101
0010010110110110
0010011011010000
0011000100111101
0011111111100111
0011010000101111
0100010100111001
0010100101100000
0100101000100110
0011101101011001
0111001101011000
0100110000101110
0100111001110001
0010010100000110
0001011010100001
1111110110110111
1111111001100110
0010100000001101
0101110011110110
1000011011011010
0011010010010010
0110000101010010
0010110110011100
0011110110010011
0010011000101100
0010110100110111
0101100111111010
0100001001011000
0001001010011001
0011010111000010
0100011110101000
0011001110110011
0101100111111001
0011100011011000
0100111100000011
0010111010100100
1101010100011001
0000101000100011
0100110010101010
0100101110101011
0011011100010110
0000000010011110
0101101000000010
0001010011100000
1111101001000111
0000000001011101
1101000111010111
1110000001101001
1101011011000000
0000001001011101
0010101001101000
0000011100110100
0010000111111000
0010110110011100
0100000100011110
0111010000101010
0001001110000101
0001111101011111
0000010101100000
0000011111100101
0001111000010110
0000001000010001
0001100010010111
0000001011111101
0000111100001000
0001100001101010
0010011001011111
0011011110010110
0000111100110101
0100001010111100
0011010111011001
0011101111010111
0000011001010110
0010110101001001
0011100100001001
0100000100000100
0111100011110000
1000011101110001
1011010011001010
0111011000101110
1000001100110111
0101010010110011
0011111111000110
0100010001111111
0100000101101010
0100011110010111
0101001100101110
0010010000000100
0011110000000101
0101100000001101
0100011010101110
0111010101101110
0101100001000100
0110010110110111
0100001001001001
1101101000001111
0001011110110001
0101100110111010
0110010011101001
0011100000110100
0000011011101010
0011111110110101
1111010011110000
1100110000100011
1100000101010011
1011111111000000
1101000101001100
1110100011001011
0000101101100111
0011101010101001
0011101000111110
0010100101010111
0100110101101101
0011110100111111
0110101010100111
0000001010000010
1111000110101110
1111000100111010
1110111111110101
0000011101010100
1110100100010000
0000100110100100
1111011011000101
1110100010110000
1110000101010001
0000011011101011
0000001101110010
0001000111000101
0100000001110001
0100111011111011
0011000010110010
1101011001110010
0001111011100100
0000100111000100
0011100111110011
0101100010001010
0100000111011010
0110111101100011
0010011010011110
0100101101111000
0100110101101101
0001001100101001
0010101000000101
0010011011001110
0010111100011000
0101110000101100
0010111000101001
0100110110100010
0101000000001001
0101010010000100
1000001100001011
0111111011101000
0110101001001010
0011001010001101
1110010001010101
1111110100011100
0010110110100111
0011011001000010
0001110001100111
0010000001100111
0100000011100010
0000000011010001
1111111000110110
1111100100011110
0000001100001001
1111011110001001
0011010100110111
0110011100010010
0111011001111000
0101001101011010
0010101010011011
0101110000101010
0011000010010011
0011110110001010
1101100100001000
1101010001010010
1101011101000111
1010111110000100
1100101010100101
1100110100000111
1110011011110010
1110101110011011
1101100100010110
1111100100101100
0001101010111110
0000111011111001
0010101111111000
0100001100101000
0110111011011001
0010100001000110
1110110111011111
0001101011100001
0001011100001111
0010100100110100
0011111100001011
0011011100011111
0100010110011010
0010110001101101
0010111001001100
0010000101010001
1111011011110110
1110111000011011
0010100110001101
0000100100100111
0100100100110100
0011001010110111
0101010110110100
0011011011110110
0011000011100010
0011000101011000
0011011000010111
0100001110011011
0001001100110101
1101100100110111
0000000100001101
0011011111010010
0100001010001110
0010001001001110
0010011111001011
0100101001010110
0001010001000001
0000111111000001
1110011010110111
1111010001000111
0001011111101111
0110011111100111
0111000100100101
0101000111111110
0100010110110101
0000011010111001
0001111010000001
1110010111111000
0000001101010110
1110100000001001
1101111111000100
1111011000101100
1110111001110011
0000000010000000
0000001011100101
1111011000100100
0000100001110001
1111011011110011
0001001010001001
0010011100110000
0010100111010011
0110011101101101
0101010010111000
0101110110110100
0001011001011010
1111101001111110
0001000111101100
0000100001101100
0011011101001010
0100010011101010
0101110000000100
0101111001110010
0100111001001111
0100111010010001
0011101011100000
0001000000110010
0000100001101000
0101110101010011
0100111111111001
0110001100111100
0010111110001000
0110100011011001
0101001011000001
0010111101101100
0011100110111000
0011011101100110
0011100111110101
0000011011011100
1011101000010000
0000101101100001
0010010010111010
0011011100001011
0010010111010101
0010110000101110
0110000000110010
0010001010100110
0010011100010110
1110110001100010
1111110110001101
0000000010001101
0100111100011101
0101001110111010
0101000111001111
0110010101101110
0001000111111001
0100101001010110
1111100010110000
0001100110101111
0001100011000000
0000111000100111
0100010101110100
0010100111000110
0010011111001010
0011110111010000
0011001000001000
0001101001001110
1111101100111111
1111010111011011
0000111111010000
1111110100111111
0010110001000000
0010111101000001
0100001010111111
0001100111111100
0010110010111001
0001111100000111
0000010110101100
0001010100000101
0010011110111111
0101001001101110
0100101110011011
0100101100011000
0011111001111011
0010100110111010
1111101010100100
1110101001000011
0001100010101101
0001001111101001
0100110101011000
0011100010000101
0101011100000000
0110111000110110
0100101000011010
0100111000111100
0010111001010101
0010110110111001
0000001000110010
1100001001100101
1101111011110011
1110010101001111
0001001001011010
1111010000011010
1111111110011110
1111101111110011
1110110010010110
0000101111010110
1110101100111100
1111011100110001
0001000000001001
0100110011011100
0011100011001100
0100110100001100
0011111001111010
0000111010101110
0100010101110100
0001001010000000
0100000101100111
0010111011011011
0011110000010101
0110100110100111
0011110111111000
0100000010101100
0011111000111110
0011110011001001
0001011010011111
0000111010001111
0010010100101100
0001100101000101
0000101011110101
0010001111110001
0001011000111001
0000000111000000
1110101111111110
0010010100110001
0000001111011101
1111001110110100
0011010101010000
0011110101110001
0100011000010011
0010100000111101
0011110100110110
0011111011110101
0011000101101100
0001000110111111
1101111010100001
1110010010111010
1101101000001010
0000000110101001
0100100101011001
0100111100000100
0110001100011110
0100011000101111
0010111001010000
0011000111000111
0011011101110111
1110110011110111
1100010010110001
1100111001101000
1101001111111100
0001100111001010
1110100000010111
1110010100010010
1110101010110111
1111000001110101
0000010100101010
1101111011011000
1110111001100111
0100000011100110
0101010000100101
0010010100000011
0001110100100110
0010001110001000
0000010010011100
0000100010001011
1110010011011010
0000101101000101
0000101010001111
0000110111100000
0100000101001111
0011001010001001
0001100110010110
0011000100100101
0101010110110001
0011000011011001
0000011100000000
0010100100001001
0001001110010010
0000100011000111
0000101101110000
1111110001010110
1110011101100010
1010110011000100
1101101111110011
1011011001011100
1011001101010100
1110111001100011
1110111101011101
1110011011110110
1101011001100100
1111001110001001
0000011100000100
1110011010000100
1111111001000000
1010010111001000
1101011100001111
1110101000010111
1110101111011110
0001101101011101
0011111000011101
0011101110101001
0011001011101000
0010111001100010
0011000110011001
0011101111001100
1101000001100010
1011110101011000
1101100001000110
1101010011101100
0011000011111000
0001000100101110
0010001110110110
0001011001001011
0001010110100111
0010100111000110
0000101110001010
1111001000011010
1111011111000010
0010011011111010
1110010001001001
1100011100111000
1100100011100010
1101010011110010
0000001100100000
1110111010100110
0000101111010010
0011110001001010
0101110111000101
0111010100101011
0110000101100101
0100111011100000
1000001010110111
1001000001001101
0110001101001001
0101000001000100
0101000111011111
0010010000111011
1111111101101110
1111110000010011
1110010111101001
1101011101110000
1011110110000101
1110000100100111
1100000100001110
1011101101101011
0000000001000011
1111011110101111
0000011010111000
0001000101000100
0010011111001000
0010100111110101
0000111101010110
0100110110111110
1111100100001000
0000010100101010
0001111001100011
1110111110101101
0010001100011110
0100011011111011
0100110111100010
0001100010010010
0010001111111111
0011011001001111
0010100001001001
1101001110100010
1011000111000100
1101000100001001
1100011000010000
0000111110111101
1110110010101011
1100101111111101
1110000011110110
1101011000111100
1111110010101110
1110001100001101
1100100111110110
1111111110000101
0010111100001100
1111111110010011
1100011100111101
1110110100110001
1101110110101111
1110110000110101
1110010100001001
0000010010100111
0011000011111011
0100100111010111
1000010001101111
0101101000111001
0010111100010000
0011001110000111
0101001000010011
0000010100111110
1110111011111000
1111101000100101
1111000101110101
1111100110000000
0001000000101011
1111010001111111
0000100100111011
1101111111011011
1101010011011011
1010111001111100
1001010001001010
1101001110110001
1100111001111000
1101111110011100
0001001010111100
0000110011110000
0010010101110000
0001000000001001
0100011101110110
0010010100111000
0000100000011011
0010100101101111
1111011010100010
0000011101001001
0011000011111100
0001111111111101
1111101001110100
0001101001110110
0100010111101010
0011101100111010
1110100000000110
1101111111001001
1110001010111110
1101001111010000
1111111001011000
1110001111111010
1111000111101000
0001011100100111
1111101101111111
0010010010010100
0001111011111101
0000011001110111
0000011010111000
0100011010010100
0010001010111001
1110100110010000
0000001001101001
1101011111010000
1110000010000001
1011101101110011
1111000001110111
0001000101101100
0011011001011101
1000110101001100
0100010011101101
0010100110101000
0001000011010001
0100101110111000
1110100100101010
1001101110101011
1100011110011001
1101101011010011
1101101000100110
1101011000110010
1100000010101001
1110110010001001
1101010100101100
1101100111100110
1011000100100011
1010100000100110
1111100010101011
1110111111101110
0001000011010001
0001111011100010
0001010111000111
0010100010001111
0000000101101110
0011101001011010
0000111101101011
1110101111011101
1110101010100101
1011100101100101
1110111000011001
0011000100000111
1111100100100011
1111100111110011
0010010011101000
0011011101000110
0110011000111100
1111011101110101
1111011100010011
1110100110100110
1101110101010110
0000100010000000
0000100101100100
0000011100010001
0000110100011001
0000001001000100
0011000111010110
0100100100000101
0001101111101011
0010101000000001
0101001000000110
0011100011101100
1110011111010011
1111001110011111
1101101110001001
1111010010001101
1110011010111001
1111111111011010
0010001000100000
0001111101100101
0011011011111011
1111010010011011
1110101011100100
1101001111000110
0000001011101001
1010100111010010
1001100011001011
1101001010101011
1101011011100111
1101100010100000
1101101110000110
1011110101110111
1100111001011100
1101011011111101
1110011111101101
1100110100001101
1010111011100001
1110110100101011
0000110100101010
0010000000110110
0001110111000001
1111110010010100
0001011101011100
1110100010100011
0100011010000001
1111101000011111
1101111101010100
1101011100100011
1001101101100100
0000001111111100
0101000000111001
0000000111011110
1111110000010011
0011010101100110
0101000000100111
0110000011101100
0000101100011100
1110110110010110
1110100011110001
1101101111001011
1111100100000110
0001111010011110
0000110001100010
0010001100111110
0000101011111111
0101101110011100
0101100111110010
0100101110000100
0100101110110010
1000100100100001
0111011001110111
0000010100001000
0000110101010001
1110100110100011
0000111011110111
0001011010100101
0001000111011010
0010010110001101
0001011101010111
0011001000110001
1110101011101101
1011100100011010
1100000010001010
1111111100100010
1011010110100001
0111111010100000
1101011110110110
1111000101100111
1101010011011110
1101100011000100
1101011000110010
1110100000110000
1100110110100001
1001101011110010
1001001111100010
1001100100101110
1010000100101100
1100111100111100
1111010100100001
1111110001001010
1100111011001100
1100101111101110
1100000110010111
0010011000100111
1111010110011001
1110111101011111
1111010010010011
1110101111110001
0000010101001001
0010011000110000
1111110000010101
1110000011011101
1111010000000001
0000101010100100
0000111100001101
1101011101000111
1110010100101101
0000001001001010
1101110111101100
1110111000001011
0100001011110110
0101001011100100
0101101100101101
0010100100101101
1000010011100110
0111001100110011
0100001111001111
0001101110000111
0101000001010011
0111101010001001
0000111010001011
1111101110111001
1110110001000000
0000100100010000
0000111010010110
1111101100010010
0100000101011100
0100000000101100
0100010000100100
0001110101000100
0000010011101000
1110100010111010
1111001101011111
1010111000110111
1000100010100010
1100100000111100
1100010000001101
1010010001000001
1011010100110100
1011110010111000
1110101100110000
1110010000111111
1100100010110001
1111000010000110
1111010011010100
1111000000010011
1111011000110100
1110101011100001
1111010011000000
1010101110110111
1010000111010100
1001010111011110
1101011010111011
1101110000100101
1110100011100111
1110010000111010
1100010111010110
0000100011101100
0010110111010010
0000110010110111
0001100010010001
0000101100010011
0100000111100001
0101011001011010
0001110100010000
0001101001000101
0000011011011101
1111011110101101
0001100000110001
0101100010011101
0100101101111010
0110101101000001
0100111111011001
1010100001110011
1001001100001011
0110101010000101
0101100100010001
0101111001101101
0110110011000000
0000001101111111
0000000100000111
1111101011110101
1110111010010100
1111100100010111
1101100100110011
0010100101111100
0010101100100100
0011010100101110
0001000100111100
1111110001011011
1101100000110010
1101011011110010
1010100011010110
0111100010011011
1011110100110011
1100111010101010
1100011110010011
1100100000010000
1111000101001011
0001101110001010
1111101110101000
1111010010110111
1111101011100000
1110010110011111
1110110101010110
1110111101010110
1111000000110000
1111010100111111
1101001111001001
1101010101111000
1010010101110111
1110011001000100
1110100110011100
0000000000010100
1101110001001100
1100111001011010
1111110110011101
1111110101000100
1110111110010110
0001011101010010
0001101010011011
0101110001010011
0111010100010111
0010011000111001
0010001011110100
0010110111101001
0000110000001111
0001100010111101
0101111111110000
0111100010001110
1001000100011011
0111000100101011
1001101011100001
1100000101101000
0111111100010011
0110100001001100
0101101110010000
0111100000000101
0011000010001101
0011011110011010
0100111101110010
0011011100101100
0001011100000100
1111011110100011
0101110010001001
0101110001011101
0110001000011100
0011100110101011
0100001000001111
0001101011111110
0000000000001111
1100001000011101
1001001011000101
1100000100110101
1100010100001110
1100110101100101
1110000100101000
0001011111111000
0100100000010110
0100000100000011
0001111001110111
0011000001010111
0000001010001010
0000100110010110
0000001000001000
0000000010000001
0000100111000011
1100101110010111
1101010011011110
1010110010111110
1101000110100100
1011111001111100
1100110111001011
1011000110000000
1001100010100000
1111110000110011
1100011100111011
1110001101001011
1110110111101101
1111101001111010
0100001000110001
0010110001101100
0000010111100011
0001100001001100
0001000101110011
1101110111110100
0000001111010110
0111011011000011
0110111000101000
0110011100111100
0101100011010100
0110011010101111
1000001111011001
0100101001100000
0100100001011110
0110001101011000
1001000001111110
0101110001011010
0111000000011111
0111010100110101
0101110001100000
0100100111000101
0000110001011111
0101001010000010
0100111110100100
0100000100010111
0011100100000110
0100000000111101
0000010010001001
1111101011101101
1101000000101101
1010011100111010
1110011001011101
1111000011000001
0000001000110110
0010010100000000
0100001101101110
0100100011110110
0100111111001101
0001010010011011
0010001000101010
1101100001101110
1101001000100000
1110110001001111
1110111111111101
1111001110011101
1101110010110101
0000010010111101
1111001101101010
1111010100111101
1100111111111001
1111010110101101
1100111110111101
1011110011100001
1100001110101100
0111111111110000
1010011011100000
1101001011010011
1100000101110011
1111111010001010
1110101000101000
1101001010110000
0000100001001000
1110110100110011
1110011001111001
0010110111010101
0111010010000000
0111101100000001
0101101001000010
0110010100101100
0011001000110100
0001101011101101
0000001011111110
0100110111001001
0110010100100100
0110001011110101
0010011110100110
0100000000001100
0010100100000001
0000011000010001
0001000110100110
1110101011101011
0100001001100111
0100100010110011
0100011101111001
0101000010100111
0111010001000010
0101010110101000
0100011010100001
1111110100000000
1101110101101110
1111001010101110
1110111001100001
1111100001001001
1111011111001101
0100010110100000
0101101001001100
0111011110011110
0010011011000000
0001100010010110
1101011110010000
1010110110011001
1100010010000010
1010101001110101
1010011101000010
1011001001100101
1100110001000101
1100000100000110
1011001110100110
1010101001001100
1110110100100011
1101100001100010
1101110000011010
1011001100101101
1000110001101101
1010101101000000
1011100001101001
1000101101001111
1100101010010001
1101110100001100
1101001010100110
0010001010110011
0001110110110011
0001111000110100
0101111001010101
0111010000101000
1000001010101010
0111111000001111
0110101110111011
0001111100010001
0001101001010001
0000101001011000
0010111010000000
0010111001110110
0011011000100001
0010001000011110
0011010011001011
0000101010101011
1101110100111000
1101010010000111
1100110000011010
0000011111111011
0000011010111001
0010100101101100
0100111010101010
0100000111000001
0000011000000100
0001000001001111
1111100000101000
1110101110011011
1110011000100111
1101000101100001
1110011111011100
1111000011001011
0010100001111010
0011001100111101
0110000011110111
0010010111111001
0000110000100110
1101100110011100
1101001011110001
1111110110100010
1111000100011001
1011101010010100
1101011011101110
0000000000010001
1101111001110101
1011110111100010
1000111011110011
1111010011101110
1110101110110010
1100011000001000
1011101001000011
1010000101111001
1110010000101100
1111010011001101
1110101101000000
1111001111011011
0001000000100111
0000001101111101
0010010110111100
0001100110110010
0010011110001010
0100100110110110
0011100111011101
0100000100011101
0100101111101001
0111111010110100
0010101100101111
0100111101010100
0101001010111000
1001001001011011
0111110011110001
0110010010110111
0100110010001011
0100010100001101
0000101100111000
1110001101011101
1100110011110000
1011010111001000
1101010111001100
1101101110010000
0010010100000100
0001111010010010
0001011110001100
0000000000110101
0000110001011111
0001001110111010
1111111111011101
0001000000100101
0001000011011011
0001111010001010
0101111000001101
1001001101110100
0111110010000000
0111001000101100
0100001010001110
0010110100110100
1101110010111011
1011110010100110
1110111110001001
1111011001001110
1011011111011100
1101010000100111
0001101110011100
0000100111101111
1111011100001100
1011011000010010
1111010110100011
0000101101000111
1110000011100110
1000000010100110
0100110110010101
1011110010111110
1011111010100001
1110000101011111
1101100011111100
0000011101111010
0010101111001000
0011000010101011
0010110011110111
0011110011101000
0110110000011011
0101011000000101
0111010101011100
0110100010010011
0101011101110010
1111000101101111
0001001000101000
0011001110100111
0011110011110110
0011010000101000
0010110010111110
1111101100010111
0000010011001100
1101110011001111
1101100110111100
1100110000011101
1110011110010010
0000111101010111
0001001111110000
0010100111100000
0001100001110010
0010011111111001
0001001110110110
0000001100100011
0001101101010001
0010101010001001
0010111100101011
0000000010001000
1111001111010101
0100111100000011
0101110101001001
0110010111111001
0110101100000101
0010110001111111
0010101101010110
1101011101100100
1010101111010011
1101010110010001
0000010100010101
1100011110110101
1011111001100111
1110011000111001
1110101101110011
1110000000100101
1010001101010101
1111011110010011
0000000110100000
1111111100011111
1101001000110010
1010011110011010
1100101101011100
1010000111110001
1101101101100001
1101011001001111
0000010100110000
0010010111010100
0010100011100010
0100010000100011
0110110011100110
1001110001100000
0110001101110010
0110100001001011
0110001100010001
0110010111100010
0000111100011100
0001000001110010
0001001111111110
0001010000010001
0000110010100001
1101010011101111
1011011100100000
1101101100010110
1101100101000000
1100100011100111
1011010111010000
1100110111001011
1110000110111110
1101011111101101
1111001000000100
0001000100110111
0001111110100100
0010101000000010
0010011000011111
0001101111110010
0100010001001010
0011011111101111
1110001001011000
1101011000010011
0010011011111001
0100000000100111
0010000000111110
0000011000111010
1111101000100100
1110100111011111
1011110010101110
1100110111100001
0010000000100111
0100000010100001
1111011010100101
1111011010000110
1111010000110100
0000001010101111
1101001110011100
1010101111010011
0001110000100100
0001100011000000
0010000011000110
0001110111101111
1111101000100111
1111010110101010
1110000110010000
1111001110010010
1101100101010111
1110010111001011
0001101110111000
0000011010001011
0010000011001010
0011000111001000
0101001010011011
0010001110100110
0000011001100000
0011010101000100
0001110101111000
1100011010001100
1101011110000111
1111010010110001
0000111110101010
1111111100001110
1101111000011000
1110111000101111
1111111111100110
0000010101100111
1111011001101011
1101101000111000
0001011010010111
0010010101000101
1111111110000101
1110110000011000
0010000101000111
0011001010100001
0010110100111101
1111000110001010
0000000011000001
0010111100110010
0000011111000010
1100110000100010
1100110110110011
0001011101011100
0010110011000001
0001011100000110
0001110010110111
0010011010111001
0001110011011101
0000001111111011
0001011001001110
0101101001100011
0101110010011001
0010001110100110
1111101000111100
1100100001110010
1100010010110010
1011110000101110
1001011101001011
1101001101111011
1111000111000001
0001111100000010
1101011000100001
1100110001111110
1110011111100001
1110010111100111
1111111111100110
1111100001111100
0000011011111010
0101010110000100
0010101101000011
0010110011001111
0101101001001110
0011100101001111
0011101011101011
0011111101010110
0100101101100101
0011001000010011
1110100010001110
0001011010010101
1111101000001100
1110110111110010
1111001100001000
1101110011011000
1111101111100000
1101001001001101
0000001000010011
1110000001010101
1101101010101101
0100000000111111
0010111110101010
0000111000110100
1111000010101111
0001111110100011
1111111011000110
1111101100110001
1100111001100110
1110000001010101
0001000010011111
0000100100101101
1110111110111011
1111010000001101
0010101010111110
0100110110101110
0010100010011110
0000000100010101
0011011001101100
0010011101101000
0010100011110101
0010101100011010
0110100100101000
0110010000100101
0011101000000000
0000001000110100
1101000011001111
1110100110011010
1011001101101101
1000101000111101
1001111100001010
1011101001000011
1101011010011101
1111011101100001
0000110111001000
0000000110101110
1111111101010010
0011000100110100
0001001110011111
1111001110011110
0001100101011111
1110001110110000
1110101001100101
0000111111010111
1111001110011101
0000110101011101
1111101111111010
1111111010111000
1111100101111011
1100011111111111
0001100100111000
0000011101010011
0001110110101110
0000111110110101
1101101010011010
1101011111100000
1011101011001101
1110010010001010
1011101000000110
1100101100110011
0011011100110010
0100001111001001
0011000110000110
0000101100100011
0010101000100001
1111011010000001
0001000110100111
1110000010111000
1101010111000101
1111100010010010
1111111101111010
1110101001011101
1110111001011111
0011111010000011
0111000010100001
0001010000110000
1110001100111000
0000010100100101
0010000001010010
0011101110011000
0010000100111111
0101011111001100
0100000101000000
0011110011101101
0001000110010100
1101110110011010
1101111110100101
1100110000001111
1011110101010111
1011111110011111
1110101001111100
0001001110110000
1111011101100000
0001010110100011
0000101001010011
0001010000000010
0010101111010100
0100011001101000
0011010101111001
0101000110101100
0010110001110000
0001100111100001
0110101001100010
0010110100111001
0011011011100101
0001100001011111
0000111010000011
0000001010101010
1101010101011100
0010010100101101
0000110111011100
0000010011010011
1110010010111000
1100101010110110
1100110100001010
1011100101100001
0000100111101101
1101111100111110
0000101110011100
0110011000000101
0100110010110000
0011111001110101
1110111101100010
0001010011110010
1110110001000011
1110100010101100
1101111101011100
1100001101101001
1100101110010111
1111110100100110
1110001001101110
1110000000111010
1110110010101000
1111010001011011
1010110110101100
1000011111000101
1100100000010001
1110011101110010
0011110000101010
0100111001011011
1000000010110101
0101001000100001
0101000111111100
0010100010000110
1101011011101010
1111101000100010
1101101011100110
1110000000100111
1110100010001101
0001011111011110
0101000001111101
1111101011010110
0010011101100001
1101110010010110
1111011101100101
1110111100011100
1111110010101111
1110010010111011
1111101111010110
1111111000010001
1111100001000010
0010000100001110
1100100110101001
1111111110011000
0000000110110101
0001000000011001
1111111101011111
1111010010100101
0100011111101110
0100001110001100
0100100101111010
0000010111111100
1110000101000000
1111001001010101
1100100010000011
1111100100001110
1100011110001101
0000001010001001
0011101110101111
0010101101010111
0001001000110111
1110000110000011
0000110011101101
1100111101111011
1100100011100111
1101100110010111
1011101110111101
1110011111110010
1111111101111101
1101001100100001
1101000001010011
1100010010101000
1111110111101101
1001101101101111
1001010110011000
1101001011001110
0000000110101010
0110010011000110
0111011010000000
1011000011000111
0111110101111110
0111101111001111
0011110111011101
1111100111111001
1111011010000100
0000000101011011
1111110101011100
1110000100101111
1111100001111101
0001111110001101
1101101001111111
1111111000100010
1110010010111110
0000110101011011
1111011001100000
1110001110010010
1110010011000001
1111010101000011
0001101010000100
1110111100011001
0001000100111111
1110101100010111
0001001111010111
0010101010010101
0001011011000001
0000100010101111
1110001100100011
0010110110111100
0010100110000110
0010110101000011
1111000101100111
1101001100001010
1110110110001011
1110101110001110
0010111001101100
0000000010111111
0010010011101011
0101001100110000
0101111010000000
0100111111011011
0000000110110000
0001010110010000
1100101111011100
1100010110000001
0000000001111100
1100011110110010
1101011110001110
0000110110100100
0000101001101011
1101010101100000
1100000101111100
0001010010010011
1110100000110011
1100110111101011
1111000110100111
0000000100111101
0100000110001101
0010011111000000
0011100100010000
0010100100011100
0100010111001010
0000111001010101
1100010000111011
1111100110000100
0000000111101101
0001011011001011
1111101101001001
0010001001011110
0100001101011111
1001110110000000
1101000100100000
1101111110111011
1110101010111101
0000001001011101
1111011011101011
0001011101001110
1111010101100100
1110111011010110
0000011010010110
0010011110110011
1110111100000101
0010000011110101
0010100111101001
0001101001000111
0001011001010110
1111000001101001
0011010110001011
0010010100000111
0011110111100110
0001100101011011
1101110001001010
1110011110111110
1110011110111000
0100011001111111
0000010111010100
0100000001101001
0110010111001101
0110100111011111
0101001010110100
0001100110011110
0010001000010101
1111010011000110
0001000010001101
0100101111000110
0000110111111011
1110111101010101
0000001010111011
0000100011111011
1011100001110001
1010011001000011
0001001010001000
1111100000100011
1110001111000111
1110111100001100
0001001111011011
0001111011100000
1111111100010110
0001001101011010
1111111111101011
0000010010110110
1011110010010011
1011111000010100
0000010110001111
0001011100011110
0100011010101100
0011010010001000
0011011000110001
0010110111110101
0010011000000101
0011010110100110
0010111110011111
0010100111101101
0011100010100011
0001111000011011
0001110000110110
1111111000010011
1110110111100011
1111010001100111
0000010000011000
1110010000110110
0000110000101111
0010010110111010
0101101011100111
0110110100000001
0010111100110000
0011001101010101
0001001111110110
0100010010001101
0010000000111111
0000000101011100
0001011101001000
0001100011111000
0101101110100100
0001101111111100
0010010101001011
0001100001111010
0001011110000011
0010011111001011
0010011000001111
0000110101011110
1110101101000010
0000111111011110
0011100011100100
0000100010100111
1111010010100100
1111101010110010
1111110101011110
1011110111110001
1111011101100000
0000011010101010
1111100011111101
1111011101001011
1111001100101111
0001001110001100
1110101011110100
1101110110101110
1110011111001010
1101111011010111
1110001111110011
1010110111011000
1010011000110101
0001001001110011
0001101010011111
0100101111011010
0100101110011001
0101010101100100
0110001110111111
0010000111011101
0000110011111000
0010000101111111
0011100001011000
0100001100111101
0001001110110010
0001101100011000
0000101110101011
1110010010001100
1111011100010011
0000100100010010
1110101010011000
1110100001001111
0000111010100001
0101011110110110
0111010101011011
0011101011001111
0011100001100111
0010111001101011
0101101100001000
0110000011010000
0101100100010111
0100010010110100
0001111001001000
0110111101011001
0011110101000011
0100101010010000
0001001011010010
0001001001000010
0001110111111001
1111100110100111
1110011100010110
1011100111001100
1111011000110100
0011100111000011
0010000001011100
0010000000001111
0000010111111001
0010011101001110
1110010110111011
0001001001011111
0001000110010100
1111000100101011
0000111101110001
0000010011010010
0001110010100011
1111110101011010
0000001111110100
0001111111011101
1110101110011000
1101010011001110
1100001001110010
1101010110011001
0010011010110010
0001110111010001
0101111100101001
0110100100010101
0110010010100001
0110001101100000
0100001101011110
0000011011011111
0010101101000110
0010010010001011
0011100111001011
1101111111001111
1101000001101010
1100010001100011
1011001010100000
1111100110101011
1111000011000010
1110111001001101
1110110011101000
1111101110110111
0011101011010101
0110001111011111
0010010010001101
0001100100100000
1110001101101010
0001100100100011
0011011110100000
0100100000001111
0100000100101000
0001101110101000
0100110010011111
0011111101100011
0011111010001010
1110110111000010
1111010110010000
0000111111011000
0000110001011001
0000111111000011
1100110001111111
0001100010101001
0011111010001000
0010100111001101
0010110001111000
1101111100000111
0000110000111101
1100111000101000
0001111100010001
0011010001101111
0001101011000011
0001001011100001
1101010011111000
1110010001110100
1101101110000100
1011011000100000
1101001001110101
1010110111011011
1010000100110100
1001100111001001
0111100111010100
1110100000100000
1101111001011010
0010001110000101
0010000110100010
0001011000011100
0011101001101001
0011001110000100
0000001000001011
0010101110000101
0010110011111010
0100011111010011
1110000111110100
1101110101101010
1111010001000101
1011010111001101
1111001001100010
0000110100101011
0000011010000110
1110101100001001
1101001011110010
0000110000001000
0101010001111011
1111101011011101
1111110010011101
1100011101101100
1101011011001111
0000011011100001
0001110100001111
0100000001100011
0001101110001000
0110001011111001
0101000110110110
0110011000101100
0001001101000010
0000010110101000
0001010011010111
0001111000001010
0011001111110110
1101011111001000
0000100010101100
1111011101110111
0000101101110101
1111101011101101
1101101000010110
0000101010111000
1110010010110111
0010011110110011
0010101100110111
0001011010100101
1111010111010100
1010110000011011
1100001110111111
1101111000011110
1010011110110101
1010111100011111
1000101001011011
1000101000111000
0111110110101010
0101000000100010
1011010100101101
1101001011110010
0001110101000110
0000100101011010
0001110101110000
0011100111011011
0101000010101100
0000010100001111
0001111111010010
0000111010100001
0001101111011100
1110101010101010
1100010101110110
1101011010010110
1000111001000101
1101111101100111
0010000101111111
1111110000101000
1111001100001100
1111010110111110
0001000100000101
0100001000101001
0000000000000001
1111011101010110
1101100011000110
1111011101010001
0100100111000011
0110111111010110
0111011110010001
0010000100010011
0011000000001010
0001101000100000
0100010001100001
0000100110111011
1110100101010111
1110010001000001
0010000001011111
0011100000000111
1101110000100110
1101001101000110
1010000010111101
1101110101111011
1100110100011000
1011101101011000
1110111000011111
1110000011111011
0001001010101100
0000010010100001
1111101001000100
1110000010111011
1011111001000001
1100100100110111
1101101010100111
1011100000000101
1011100101100101
0110110111111011
0110111111011000
0101001011011111
0100010110001100
1001011000000011
1100000110001110
0000101010101101
1110000010111100
1110110100101101
0000101111011110
1000010100010100
0011100011100111
0010111011010101
0011010100111101
0010001100110111
0000100100111001
1110101001111111
1110110111100001
1110000100100010
0001000100000110
0011011010001110
0001011100100001
0000000000010000
0001110100010100
0010001000101111
0011110101111000
0001101100000100
1111010001000111
1111111001010100
1111000011000001
0001101001110010
0011011110111101
0001110101111110
1101101001010011
1101010000011011
1101101001110010
0001011011101100
0000000000011110
1100101111110000
1010011001110011
1101001111001110
1111001000110111
1010110101011111
1010001110111011
0111010101100011
1011100011010101
1100110000000010
1100001111010011
1110111111001100
1101011011111011
1110101111011000
1101110101111011
1110100101011100
1111000001000111
1100101111001011
1110110111100111
0000001111011010
1100010111110001
1110010000010010
1011010110100100
1100000001000110
1000011001010110
1001101100110110
1110111101100101
1111100101010011
0001101001001010
1110010011111111
0001101011101111
0100101110011011
