1010010010110001
1110110001010011
1101100000111111
1001100000010001
1001110011110101
1010110100001000
1011100100001111
1111001110110000
0010001010101111
1111001110001110
0010000010001101
1010101001000010
1000100000011010
1110111100001000
1010001110110010
1011010100111010
1011101101110111
1001111000000111
1010010011111101
0101110010100000
0011000010110010
0100110010001010
0111000000111010
0100111101100101
0111011100110010
1000001010100001
0101110000010101
0001101101001000
0100010001110100
1100110100101010
0001101001100111
0100010001101110
0011101010111111
0100001100100000
1001100000000011
0100111100110001
0110100000000111
1001000011101010
0011101001010011
1111100100111110
0001011100011000
0011100001101111
0010110001000111
0110111110111111
1001010000111000
1011010010100100
1111000000101110
0001001001111101
1011011110100100
1011010100000011
1011111011111001
1010011011111110
0001010010000100
0011000100011100
0011011000100100
1000110101011100
1100001110010100
0001101000000111
1001110010001000
1100101010100011
1101110101101010
0110100000000010
1001001000001111
1001100011010001
1000100010110011
1011010101010011
1101101100011110
1010001010111000
1111101100111110
1001001010111011
0111011001000110
1001010111101001
0110101010111100
1000110011110011
0111110001001010
0011100100010110
0011101011000101
0010110000011111
0001000111111101
0001110000001001
0011001001110111
0010010000100101
0110001110111001
0100111001111000
0010111110111000
0011001110100011
0111110000110011
0000111000111101
0011111001110011
0110000111110011
0110010001100001
1001100010011100
1100100111000110
1000101011110111
1010010101100010
1111100001010111
1010010000010010
0100000100000101
0010010110101100
0110101111000111
0011101001110010
0110110001100100
0101011100011001
0110110101011011
1011110111101000
1101101100001000
1000111101011000
1010111101111011
1101010011110110
1011101100010111
0011101110000100
0101001110101111
1000101100100100
1101000100010000
1111001000101011
0011001010110011
1000011110111101
1011011011010110
1110010001111110
1000101011100110
1001100000011100
1001011110101110
1010000001100010
1001110011011001
1100010001001001
1011100001101100
0010011001001001
1100110110110101
1100000011010011
1111010111001111
1011110101011111
1101010100110000
1001111111000000
0011101010101100
0101000000011110
0000111010110110
0001111001011000
0001101101100011
0011010011011111
0100011000000010
1001000101110011
0110010101111011
0111000101111000
0100101111001001
0101010111010111
0000100010100101
0000000111010111
0010000100001000
0011011001001101
0110000100000111
1001111001111110
1001111101110011
1011000000111100
1111111000110011
1011100010100101
0110101110111101
0110001100000011
0111111100111101
0010011000001011
0001011101001111
0000111111000100
0101000011101111
1000010101010110
1001101001110001
1011000111010011
1110010010110110
0001000000100010
1110100010011101
0110111011000000
1010010100000011
1101001010101011
0000000101101111
1101111110111010
0001010001000110
0100000010100000
0100010101100010
0110111011100001
0000100110011010
0011000010000011
0101011001111001
0110011110110011
0110100001111011
0111010110100101
0101110110000010
1110110000011000
1101100111001000
1110101110011011
1111010000011101
1111110110111101
0000111100111111
1011110011110000
0101100111001001
0110110001010110
0010101000001010
0011100011010101
0001101100100011
0100000101110100
0110001000110010
1001101111010101
0111011011110101
1000010000100100
0111010100101000
0110111001000010
0010000111001110
0011110010110011
0101001111110010
0111110110000010
1001100010110011
1100010010101000
1100110011010101
1011100010111001
1111111110111011
1111110111000101
1110001110101110
1100011010111111
1110001111111001
1000110000000011
0101010010101001
0011001011011101
0111011100101100
1001101010001100
1011010010001100
1100001100010001
1110010100111100
0010010110000010
1110101101010101
1000101011110101
1110010000001001
1111111110101101
0001100001010110
1111001100101111
1111101111100000
0110111110111110
1010100110100101
1000011001000100
0000011100011010
0100010011110001
0110111111011011
0110010111101001
0011111110000101
0011101110010000
0100010110010101
1101011001011111
1011000010001001
1100011110001100
1100101101101100
1101000110101001
1110111110110001
1011110011101000
0110111000100100
0101100110101010
0010101110100000
0011001110000101
0010010110000011
0100100111010101
0011111101101100
0110100011111001
1000000110000101
1000000000101010
1001110011001001
1010001110110000
0100110011000000
0110010110000110
1010010101101101
1001111010001000
1011001010110110
1100111110000101
1110111110000001
1111101001001000
0011011100110001
0011110110000001
0100001001000000
0001101100111111
1111011000110100
1010011001101110
0100100001111101
0000000011000000
0010010011010001
0101100011000010
0010010001100111
0101110000101001
1001001100011010
1110001100001110
1100110100100001
1010101100000001
1100101111000101
1111001001110110
0001011000000010
0001000101000101
1111010011010110
0000011111001000
0100001010100100
1110011010111000
1011001110010011
0001011000111101
0100010000111010
0101101000110111
0110011010110100
0110110101010110
1010011001011110
0001010000110111
1110010000001011
1111111111101010
0000110010000111
0010000000100111
0010110001010101
1111010110110101
1000000000100101
0111001000001011
0101011101010110
0100010000100100
0101010001111000
0101010000101101
0100001000100011
0111010011011100
1010000100001111
1001000000111010
1101001100011100
1101011000110001
1011000011101000
1100001011011111
1111001000101101
1110110110101011
0000011010001111
1111111111111110
0010011101001110
0010000010101010
0111001111100100
0111010000011101
0011110101100001
0100011110111011
1111101111101010
1010010100011100
0011101101110110
1110011010000011
0010000011111111
0101100111101110
0001110011100010
0101100101010011
1010011110110000
1100010101011110
1011010100101001
0110001111001100
0111100110100000
1011001000101000
1111111010010111
0000010010110100
1110001010001011
1011111100000101
1011101000000100
0110011001011000
0110010100000111
1111111100100001
0010101110011100
0011011111100110
0100011000101001
0101000010001110
1001011011101001
1110101110110010
1011000000010100
1010010111010011
1011010101010101
1110100011010100
1111000101000011
1100110001000111
1001111000101011
1010101000111011
1001100111000101
0110110100100111
0111011001100001
0110000000001110
0010111101010010
0101101011101011
0100100110001111
0101000001001001
0111100100010110
0101001100000010
0101100011001010
0110100111001101
1001001100100000
1001101011010000
1011001001001110
1011011110000100
1111110100110100
1101001011001000
0001010000010000
0000110011001011
1101001111110100
1011101001000001
1010110011100110
0101000101011110
0001011010010110
1110100000100000
0011110111001111
0111000011111100
0100111011011110
0110101111111010
1011011110000111
1100100101111011
1100101110100111
1001001100100110
0111000010000101
1011110111001111
0010000000111010
0001101000110100
1101010001011001
1110101011101111
0010011110001000
1101001111000100
1100110000101101
0110110011010001
0110010101110010
0011100111100011
0011011010101001
0001111011000010
0111110011110011
1100100110000010
1010100000011100
1010010011111110
1100010001001100
1110101111101100
0000010100010011
1101011100110111
1000100010110100
0111000110100011
0011111000110110
0000100001111100
0001111100100111
0001011111001011
0001000011001011
0100100000011010
0010001010110010
0011110100101111
0101110000111011
0101100000110100
0111110101100110
0101010101100000
0110110001001000
0111111011110110
0111000000110111
0110000001110110
1010010010011001
1001001001110001
1110011000011100
1100111100001101
1010110000111000
1010101110110001
1001111111111001
0111000110111110
0011011100110001
0000111000101111
0101101001011111
1000110101111101
0011101011010001
0100011111001101
0110111011111011
1001001110111111
1101000011011101
0111011110011111
0101000010111100
1000100110010110
1111000100010101
1111010011001100
1011101001001110
1101100111001010
0010011110111001
1110100100111011
0001000111110010
1000010001110001
1000001101001011
0101001111011000
0110000010011011
0011001110101000
1001001101110000
1100010000111100
1100010000101100
1010011000000111
1100100110100101
1110001100101000
1110010000110101
1011111001000111
1001100101010110
0111100111011100
0110101110101001
0011111000110010
0011101001000110
0011111101001110
0011100100011001
0101010000110110
0100101111000111
0100110010100111
0110100100110010
0110111100100001
1001110011101110
1001001000101010
0111011000101100
0110010010011000
0110101101010111
0111010111001001
1101010110010000
1011101010001100
1111010110110010
1110101000110111
1101010100110010
1101000111001111
1000101111101001
0110110111100011
0010110000111101
0000011001011110
0100001000000001
0100000111111001
0010010000101110
0001010000000100
0000011110100001
0110011010011000
1101000110101111
0110101000101010
0100101010010101
0110010001000111
1011001001011111
1010101101100111
0110101000111011
0010010000111011
0110111011001101
1111010010100110
0100101000100000
1010110111011110
1000111110111110
0100111000010111
0110110001000101
0000010000101000
0100111111000011
1001001011000101
1000000111010101
0101101000001011
1010011010000001
1011011000000000
1010011000101110
1010010010001001
1001100110110100
1001011101011110
0111110000110100
0011110001000011
0001110110001110
0011001000001011
0010101100000101
0101010010111110
0011000011011101
0100110100111010
0100111010001011
0110001101001010
1001011111011101
0111011010110000
0101100110000010
0110011101110101
0110001000011011
0111010000101101
1011001111001111
0111101011001111
1100010101111111
1100110000011101
1010011000000101
1010001100011110
1000001010100010
1001001101011111
0110101001001010
0011001010001101
0010011000010111
0100111111011001
0001100100111100
0000100100010111
1111001111000001
0110001000111101
1100001011110101
1000010111000001
0100110111100011
0100110101010111
0111011100111110
1000011110110011
0011101110101011
0011110111110110
0111111000111111
0001011100000001
0110000110011010
1100010110010010
1101101001100101
1000101010011010
1001000100101011
0001110001010010
0101010001101100
1001100110101100
0111000100101011
0011101111001110
1000100101010111
1000000010110001
0111111000001110
0111100001101111
1000000111011001
1000101001110000
0111011001110000
0101010010001000
0011110010000100
0011001100110110
0010011110011111
0101101101001011
0101010101011001
0111101010001011
0110100100010010
0110100011001110
1001001011111100
0100011011111100
0010011000001000
0100111001001011
0001111111000100
0011010000000101
1001011001011101
0110100000010100
1001111110000101
1011111101010100
1000010000111001
1010001010111000
1001011010101100
1001010111101000
0111001110111001
0011110001111110
0101101001110011
0110110000111011
0110000001001011
0011110111100010
0010110101010011
0101011011010010
1010110011110000
0101001101010111
0011111011000110
0010010001010100
0111110110010110
0111001000101001
0111000010110100
0000111110111111
0100110110000001
0000000011001101
0101011010111010
1010000000101101
1100000001010111
1000101000001001
1001001010000100
0010001111000010
0100001111001110
0110001111100011
0110110111001010
0110000011010111
1100011100001110
1010000000110111
0101111101001101
0110000101011010
0111100110010110
1001110101110101
1000100010011010
1001001110001011
0011111111111011
0011110001111111
0010000011110000
1001010110111111
0111111010001000
1001000111100111
0100000000100101
0011111101011001
1001001011001010
0101100101000111
0000111100110000
0101011000110101
0001100110101011
0010100000011010
1001000010001010
0110100010001111
0111010010000010
1010111110011100
1001110011010000
1010000111001100
1100011111110000
1010100011101000
1000010101111110
0110000100101101
0111011010111101
0110010000110110
0101100000001001
0001001111010111
0000001010000100
0101000111100101
1010010101101100
0011100001101001
0011011110001100
0100101001000110
1010000001111011
1001010000101000
1010110000011001
1001001001110111
1100011110110010
0111101111100000
1011000111001011
1100000000101001
1110110001011110
1000011110000001
1000010010111110
1111110100111011
1110100001101011
0010010000010101
0100111001001100
0101100011101001
1011111101110101
1001110001000010
0110001010000000
0111011000011111
1000010100100100
1001101101010110
0111010110110110
1000011011101010
0000001011111100
0000000110001010
0000011001010001
0101010101001100
0100010110000101
0101110111111111
0001000111010010
0001111101100010
1001010100000010
0110011010110100
0001000101110101
0101110000111011
0011001111010111
0101001010001011
1010100011110101
1001110101000100
1010101111101111
1101110011011001
1101101001110000
1100111000100110
1011111100111110
1001101011011010
0111010000000100
0101000100001110
0110111111110101
0100110111101001
0011001010000110
0001100101000011
0010000011011011
0110100101001000
1100010100011100
0101011001111000
0101111110000000
1000010100110100
1001001011111100
1010001001010100
1100010000111000
1101001111001000
0001011100100011
1100101001010101
0000001100000111
1111111101000111
1110100111100011
1000000100101011
1011100100000111
0100000011100100
0001100111011110
0010010001011101
0010110110011010
0011111000100010
1100001100101010
0111100111001001
0101000000001000
0101010011010011
0110000010100100
0111001001001100
1001101110000111
1010000111001001
0011000001001011
0100010101100110
0101001111011111
1001001000110100
1010011111111011
1010111111010101
0111100011000111
0111100001101000
1011001001111111
0111100001100100
0000111110000110
0010101011111110
0001010111010101
0011101011000000
0111001110000001
1000100101100111
1001111001110001
1111000001110011
1110001101100000
1100001000110000
1100001001000000
1010000000111011
0111100110011000
0111100100110011
1001000011111000
0100110000110011
0001100110001101
0000101100101101
0001111001101101
0100001110000011
1001010100000101
0010111010000000
0101101101111011
1000100110101111
0111011110010010
0111100010000111
1100011000101011
1100000111011110
1110110010111111
1000110101010110
1001000011001010
0111111111101100
1000000011011100
0011110100111101
1000110000011110
0011011101011011
0001100101100011
0100101011011110
0100111010101000
0101010100110001
1011100110001011
1010011011100000
0111011000100111
0101001110111111
0100000110011010
0110000000101001
1001000001010011
1100001010001011
0110100101100100
1000010101111101
1000010011010101
1100000010001101
1100010110011111
1101001110101110
1000011000101000
0011101111011011
0111000110000110
0110001110011000
1111111111111010
0100111111001010
0101111101001010
1000011000010100
1100101000010111
1011101110111000
1010110111100101
1111110011001001
1010111011011010
1000001111110100
1000010111110110
0110101011001010
0100111101101100
1000110100111111
0111001101010000
0111110100000101
0100110101100100
0101100110010100
0110000001010100
0111100000101010
1011000001000010
0101010110100100
0101000101000100
0111111111001111
0011111011010000
0101101111010101
1001000100111001
1101010000000111
1110010100101011
1011011101100111
1011100100011101
1100001001011111
1011010100010010
1000110000001010
1100111100100011
1000111100100111
0101001110101010
0101100111001110
0101011111010010
0110111111101110
1000100110000111
0110000000100001
0110001101111100
0011110101111101
0110101010010001
0100100111100100
0101100001100111
0110110001100001
0100101001001110
1000010011101111
1010101000100011
1001111101110110
1100011101011111
1100110010011001
1001111000101110
0011100111111010
0101110000100010
0100000010100110
1111110110010101
0010010000111000
0101010111100001
0111000101011110
1001001000101100
1010100110010011
1010101100000111
1110111001000001
1010110111010000
0110011001011111
0100110110000000
0011000100000110
0011101111000011
0110100110011111
0101010010100001
0011111111001101
0001111010011011
0101001111111011
0101010111010010
0100101110110110
0110011111010010
0010100001000110
0100111000111000
1000110111101011
0100111110011011
0110001000010100
0110001010010110
0001100101100111
0010111011000010
1111101000111010
1110000100001100
1101100011100010
1001011001010011
0111100011110000
1010101100101010
0111100111011101
0110011110010011
0101001100111101
0111001011110011
0111000000111001
0111011110101001
0110101001011110
0101111111101010
0100000111100100
0110101000000110
0000111011101001
0100100001110010
0111000111111100
0101101101101001
1010001011010110
1010001111011010
1000110011100001
1101010000111111
1011001010100110
0110011101010100
0011001111100111
0001010011101110
1111110100001001
1100000011100110
1111000110011001
0100010100100111
1000110011101000
1010110001111001
1111111101001010
0001111101111011
0010000110101010
1101101101011001
1000101111001010
0110000000100110
0100100001001101
0100010001001011
0110111001001011
0110110000100110
0010100011011100
0000100111001100
0011100000111010
0010001111110101
0010010010111001
0010001110001000
0000010101110000
0101101100111101
1100101101101101
0111010100101111
0111110011010111
0100110000000000
1111010100110111
0001111110100000
1100110000001110
1101100000010000
1101001010110100
1001000101010110
0110100101001100
0111010001111001
0111100001110111
0101010101010010
0110111000000000
0111001001011111
1000011001111000
0110000010100101
0101110110111100
0100101101000101
0011110000010000
0101011010101000
1111110000010011
0000111111001011
0011010011001111
0001110000101000
0100101111011000
0011011001011111
0100100100001000
1001010011100010
0111010111000111
0110001001000101
0100100101000000
0100100010001010
0010011011100011
1101111011011001
1111110000100101
0110010000000010
1011001000001101
1000111011100001
1101010100110001
1110100011100001
1110001100111001
1011010010111011
0111100111011001
0101101001111110
0011000011111110
0101001010010111
1001010001111111
0111111101000100
0100000110101110
0001010001001011
0110001100110100
0101010100000010
0110000010011010
0011111000100111
0000011001100000
0101101000110010
1100111110000001
0011011100000101
0011100101100101
1111000100100010
1110010101010010
1110000011001110
1100111100101110
1100111000110001
1101001001001011
1000010000101100
0101010111001000
0111001100010100
0110101001111000
0100111101011011
0111100110100101
1000111110010101
0111000010100011
0110011000100100
0101111001111100
0111100101000110
0110000110000010
1000100100011010
0000010010100111
0011010100100011
0001101101011110
0100011011100110
0111101100010011
0111111001110011
0110000111100101
1000111111111110
0111100010011101
0110001011001111
0011010100000000
0001000011011001
1101010001100010
1011010011100000
1111100111101010
0011100010100110
1000111000011110
0101110000100010
1001001110110101
1010000010001000
1011010001010000
1010010101110111
1010010110111101
0110001001101101
0111101000101001
1000100111000000
1011010000110110
0111001000000111
0001110111010011
1111011100111111
0110101101001111
0111000110000101
0101110011000011
0011110110001001
0010110101110111
1000100101111011
1100111000110001
0100000001101001
0100110111111111
0010100110110111
1100010001010101
1011010000110011
1010101001000101
1001100000101000
1010110011010010
0110001011000000
0011100110110001
0011111101111111
0010110011110110
0011011000101001
0100100000100100
0110110101100101
0011101111110010
0100100101100011
0011001011001111
0111100000010001
0101000111100000
0111011001001011
0001001111001101
0011100110111001
0011010011011110
1010100110110010
1110001000010110
1101101010101001
1011111101000011
1101011111011000
1101000011001101
0111111011010010
0101000111001101
0011100100111000
0000010000001000
1111011011100011
0011101111100011
0110100001110001
1100100011110011
0111011001100110
1010001010101011
1000110010111001
1100010110000101
1010110101010001
1101011001000011
1001010010111100
1011010010010010
1011100000111100
1011011010001100
0100100110101111
0100100001000111
0011001100101000
1101000010001000
1011110010010000
1010011001110101
1001000100111001
0101111101011110
1010100100010110
1111000011111110
0111001101111001
0111011000001010
0100011110000100
1110110100011010
1100110110110101
1100010110000001
1100010011100101
1100010101101011
1000100000010111
0110111101010000
0010111000000101
0010010100000100
0011011110001100
0100010101010111
1000101011011101
0101110001000111
0101001101100101
0101011101010001
0111000110100010
0011001011010111
0010010111001101
1101110001010111
1111010010000000
0001001110100100
1001000111000011
1011010010010100
1100111001100101
1001000000010010
1010100101101110
1010000011000001
0100010101010011
0010101000000011
0010101100011111
0001111110101010
0011011000101101
0111001101011001
1000010101101000
1110110100011010
1010001111011011
1100101101111011
1000100100001101
0111101010010010
0101111000101100
1000000011111100
0001110000001111
0110101110111011
0111101100111011
1000011011000011
0100101101111010
0101100011100111
0111000101011100
0001111010101101
1101111010110101
1110001011000011
1010100001101110
0110110010011110
1000110011100110
1010110011100110
0011101110011000
0011110001101010
1111111000110110
1100110110011101
1011111100011110
1100100100010111
1101101010010100
1110011001110011
1010011100101011
1000100010000101
0011010010111000
0001001010110001
0011110101000011
0100100101000110
1000110011010011
0100000100001000
0101110100101010
0101011010000100
0111011001101100
0101010110111111
0100111101010010
0000100010001100
0000110011110000
0001111100111000
1000010100101100
1001010010100111
1001011010100011
0110000001111100
1010110100101100
1101001111100001
0111001001111100
0110011100011010
0100101000110111
0010111000110011
0001111101111010
0101100001111100
0100111001101010
1101001000010101
1001111100000111
1101111110011101
1011110101111011
1101110010100001
1100100110110111
1101000011101101
0110001000101010
1000111010001100
1010001001000001
1010001111110100
0101101111111000
0110011000100101
0111101110111001
1111000101110110
1111010000010111
0000101010001001
1011100111100100
1001010000000100
1100001101000010
1001011001011101
0011010101001001
0001001000111001
0000110001101011
1101110111100001
1101010010110100
1100100101100101
0000000000101100
1110001101101000
1010000101111110
1010000111100010
0011111111111101
0001101001000100
0101001101011101
0110111101110011
0111100010000100
0001010001011011
0011001001001111
0001001101100000
0010111110111011
0010000001110100
1111010011100001
1111000000010111
0000111011010011
0100101100110110
1001000000110000
0111001001100000
0111100010011101
0110010000011000
1000011111101000
1000010100001110
0000000010001010
0000101111110110
1111101010000110
0000011111101100
0010110001110001
0100101100011001
0001101011011011
1000111101001010
0111010010001011
1101001001011110
1011001111011001
1101001100101001
1101001000010011
0000111010010110
1010110111010100
1011111101010010
1000001100101011
1010101110111100
0110001110000111
1000101000010010
1010011111101011
1111110010100100
0001010010000001
0001110101101110
1110101111100011
1100101010110101
1110101101000100
1010000110001110
0101010001111000
0010110110101101
0011100101110001
1110000001111001
1010011001011011
1001100011110110
1011100010000001
1011110101110101
0111111011010011
0110011110000110
0000011010110101
0000101001100101
0110111001010110
1001000101001011
0111000110111111
0001100000011110
0101011001001111
0001111111111000
0011101011011100
1111110111100110
1111001101101000
1110100111011000
0001010010101001
0010010101001101
0111000111111111
0100111100111101
0110101100101111
0101100011111001
1000001111100011
1001000011011100
0011110000000101
0100000110110010
0101001001110100
0110001101001000
0111010011000001
1010011011110111
0111010100101011
1010100100011110
0111100101111011
1010101100001001
1000011101010100
1011111010111000
1011100111010100
0000110111111111
1100011000111011
1100100001100100
1000100001101011
1010101001010000
0101110001010111
1000110001100000
1000111000000111
1101010000000110
0000001111111001
1110110101110101
1011101110010111
1000101100110101
1010110010110000
1001010000001011
1001000100000010
0111011011101111
1010101111001110
1001000111000110
1001100000111000
1010100010110001
1100000010011110
1011001011101010
1001100000100100
1001110101100001
0011110110101101
0100011101000101
1100111101110001
1011101101110101
1011111100011111
0110000111001100
1011000111000000
1000011001011101
1000101111111001
0101000010011011
0011101110110101
0010000010100101
0011111011111001
0011100011101110
1000110100110011
1000010111110100
1001010100100010
1001010111011011
1011101111011011
1110110000111001
0111100010101111
0101001010001111
0101000111001100
0110011110000101
0101100011000000
1000000111001101
0011001110111011
0101110111000011
0101001001001111
0111101001111001
1001000110000101
1011001000110000
1001010111110011
1101011000101011
1010110111010010
1011000111101110
0111110010000101
1000011010010001
0110011010000100
1011110010001001
1101110100010100
0001111101110000
0011100010111110
0000111110101010
0001111010001010
1110111100110100
1110100010111101
1101111100101010
1101010000110100
1011010101001000
1111000001111011
1101100010000101
1110100101100010
1100001010011010
1100000111001011
1101010001010101
1011100011100110
1011000011110101
0010100010111110
0100101010110011
1100000010110000
1101000001110111
1010001110101100
0101010011110100
1000110010100110
0110111011100111
0011010010010001
0000011010000110
1110010010111101
1111100010001101
0100001100100101
0110111000010100
1011110000010110
1011001100000101
1010000101000111
1011011100010001
1101110000111101
0000010110111101
1000011100001111
0110100111110101
0101100001110001
1000000111001110
0111000110110101
1001000000110101
0100010011011011
0101000011101111
0011101001011000
0101010001010000
0110110101011100
1000000000111101
0111011101010100
1001111100011011
1010000111010000
1011101111001110
0110100101111110
0111011101010010
0111101111001000
1011001100110001
1110100011100101
1101100111011110
1110001011111001
1100101001000110
1110100011011101
1110001001010011
1011010000111111
1010010100100111
1011100111101010
1001101011001011
1110111011001010
0000010101111101
1111110110001101
1101111000100010
1111001101111111
0000111010000110
1111010010000011
1100110000100100
0100010111001101
0101110100111100
1000110010110010
1011011010111000
1010001111101110
1000001001010100
1001101010000001
0111000100111111
0101001010011111
0011110111101010
0011001111000001
0100100111000110
1000111101100010
1010001010011111
1110110000111110
1100000001000001
1001111010000100
1100100010101000
1100100111001111
1100101000111111
0100101011000001
0000111001011001
1110101100000101
0010000000001110
1111001000010110
0100000100010011
0010010010100111
0100000000000000
0001011101110000
0011111010111001
0100000010000001
0100111101010000
0110001001010001
1001100101101010
1010011001000101
1001111110000011
0100011110000111
0111111010110110
1001001110011001
1010101111110001
1101011101100111
1011101001001100
1011101001110101
1010010011000010
1001011110100111
1000011111001010
0101000011010000
0010111100011101
1000000000010101
0110100100000001
1001101101000010
1101010010100110
1101110110000100
1001111001001111
1010001101010110
1011011011111010
1100110000001110
1001110101110100
0000011011001110
0100011100101001
1010010001110001
1010111110011100
1001010100101011
1000011011011001
1000011100100110
1000000011101100
1000011101111001
0110001011111111
0110011010111011
1000001110001011
1011111101001001
1101010101010001
1110110000101011
1010000110001111
0111010001111000
1001010111101001
0111000010101100
1000001101101111
0100000111011000
0010101001110100
0001010001000000
0011111100101000
0010111001000100
0100111001000100
0011001111001100
0110101011110100
0101110111010011
1000100000111011
1001110010010001
1011111010100111
1101001110010000
1111110000010111
1110010101101101
1010011111001100
0100000001111100
0111111000011001
1000110001000110
1010101011001000
1101110100010100
1101011000100101
1111100000110001
1101010110000010
1101110110101001
1100011111000011
1001011011110010
0101000111110010
1011000000010100
1010001100011001
1101110101101110
1111100011000111
1101111011001001
1101001000100100
1011000011110010
1010110101110101
1100001001110010
1010001110001011
0000101011000000
0101100001111010
1000110011001110
1010101111010110
0111000000011101
0110101100010110
0111011100101011
0111000110011101
0111001010111110
0011110111011000
0010010000011111
0101000110100100
1100111011101011
1100111011000100
1110010100101000
1010100111001011
0111100011000011
1001111011010011
0111011011100010
0101101010110110
0100101111100110
0110010101111111
0101111010111001
1001111001111010
0111110001101101
1001000011000101
1000110111001101
1000101011010000
0101111011101000
0101101010100101
0101000110001111
0110101000001000
1001101011011001
1011011110100010
1100100011001010
0111010000100010
0110001110011011
0111010011001100
0111100001001010
0110110000000100
1001010010001011
1001111010111011
1101100110100011
1100001110000111
1100110110100001
1011101100000011
0111011000110000
0100010000000000
1001011011110100
0111100100111110
1011010010000101
1111001110011100
1101100111001010
1101100100100100
1010101001110101
1010100010001101
1000011101111000
0110010100010111
0000101000101101
0011010011011100
0100001001011001
0110101011110000
0100000011000101
0100100001100000
0101101000110101
0100111010010111
0101110000111100
0101001011110000
0010100011011100
0011011011101001
1000101101001000
0111111110010001
1011001001001111
1011100010111101
0110101001101110
1100011111000010
1000011101110101
1010001000100111
1011010111011001
1011111010011000
1101000001000000
1101100001001111
1010000010001001
1101101000111111
1101101110110010
1010011101000010
1000111000111000
0110101001101000
1000010000110111
0111010010110001
1001110011011011
0111010111001101
1001001010001110
0011101011101101
0111100000100100
0111100011101101
0110000101000110
1000100001000110
1000000111101000
1001010001001011
1100100100110100
1000110100011001
1001101111000101
1001100001111011
0101000011000010
0100000111110100
0111011010110000
0110011101111101
1000011000011101
1110001000101010
1100101110001011
1110001011111011
1010111010001111
1010000111111111
1100001111011000
1000010100010100
0010000110001110
0011110111010111
0100101010101111
1000011001110101
0110000100110010
0010011000010101
0011001111001010
0110100010001101
0111010111001001
0111000101110010
0010000010111110
0101011111100000
1011111001111101
1001101100001000
1001100011001011
1001110101010011
0101110110101000
1001110010000010
0101110000000001
0110101011001110
0110010111001011
1000101100101000
1001001001110111
1001001010101101
0101111110001001
1000101100001001
1001011011110000
0111110101110111
0110100110011010
0111110000101011
0111010111010011
0111110110110010
0111111010100100
0011000111000100
0010111001101111
0000100110010010
0010010001001001
1111100110100010
0000000100100001
0011100000001100
0101110111111100
0110000111011001
0110111111111001
0100110000110110
0110100110100001
1000000110110001
0110001010000011
0001011001100100
0010111000010011
0001100100000011
0101101101100111
1101100000111010
1010001100101011
1100111100000011
1100011010000010
1000011100111001
1011011010111000
0011111111000000
1101110110000010
0001001101000001
0100000110111000
1001000001000011
0110110111001011
0100110111100001
0110011010001111
0101010101111110
0110011101001100
0110011000101001
0010010000110101
0100111001111111
1001101101111100
0101000001000000
0100010011110100
0100110111010010
0000111001011011
0101111011001001
0101100011000110
0100000110000111
0111011001110101
1100011111000010
1110010001101100
1111000111001000
1100100010000001
1111110011110011
0000101101011000
1110111010011011
1011100111101110
1010110001010111
0111110110101011
0111101111011100
1000011000011110
0010100010011100
0011000110010000
0000101011001101
0001110011010000
1101111101001100
1111011001100001
0001111000001010
0100001001011101
0011100001100101
0011011010100001
0100010010011100
1000111001001110
1001010000001000
1010110100001111
0100000110000000
0100100101100111
0110100100111111
0111001000111110
1101001110010000
1001111110101010
1011011110000101
1101111011100010
0111001001101010
1010001000101110
0100010001100100
1110011101110100
1110101011111110
0010101111101011
0100101011011001
0101000101100000
0010100001000101
0001101001110010
0001010001010010
0110000100110011
0110000001100011
0010101100110111
0110000011011001
1011000100001001
0101001111001110
0100100110000010
0011011111111001
0001000001010110
0100100110011100
0101011101101000
0010010011000010
0101001001110011
1010001011111101
1100101111101100
1011001111111101
1001001110011001
1010010101110000
1100000000110110
1000010001001011
0100111010111010
0100110011000111
0100001111100111
0100111010010000
1000001100111110
0010100100101001
0011110100001101
0011001001000111
0010011010001011
1110010101110001
0000100010010100
1111011110100011
0011000010011111
0001101010111110
0011001111001000
0100000110111100
0110111110001001
0100100100010110
1010100010100001
0101100000000000
1000000001110010
0111000010011011
0100101111110100
1001001101100100
0110100011001111
0101001011110100
0111011101101011
0101110000011110
1011111010010010
0101011000110111
1111001010110011
0001000111010011
0100001000110111
0111011111001011
0110101001111111
0010110100111101
0100001100111110
0101001110111001
1001001110000010
1000011110011100
0111101100100011
0111111010011101
1101001100110000
0111001100010110
0100001110101111
0011000011111010
0001010111100010
0000101001111010
0010010100000111
0001101101000110
0100001100111110
1010010010001101
1110011111110001
1101110001000101
1011100011101010
1001110111010001
1011011001001100
0101010101000110
0010111111000000
0001000000110100
0001111010101111
0010101010101100
0111001100111010
1111010001010011
0010111000011010
0010010000101011
0010100001110000
1100110001010101
1111101100111101
0001110000111001
0111111110111010
0111000001100100
1010100000111100
0110101100010010
1010011010000011
0111011110100000
1100000110111111
0110001100100110
0110000010011011
0100011001000001
0010111110010001
1000010000101001
0111010111100101
0101100110011100
1000100000111000
1010000010111111
1101111100101101
0101101011001000
0001000000011111
0010111100010010
0011111101110010
0110011011100100
0111000010001000
0001011100010100
0101110110001110
0100100010010100
1000001111101101
1010100001001110
1001110100101111
0111101110101110
1100101000010001
1000101000011010
0110001111010101
0110101011110001
0100001010111111
0100100101010110
0100111110111010
0100111111101011
0111000010101100
1011000000110001
1100110100000000
0111001110100111
0100000101101011
0100100000001100
1000111001100100
1111001111001010
1110001001111111
1100101010111010
1110101010100011
1110100100011000
0100100010001011
1101100000001011
0010001011011011
0001100110111010
0010111101011101
1111011000001011
0000001000001111
0000111110100111
0100110100101101
0110111101001000
1010001011001010
0101010110010100
0110000110000110
0100010101010000
1010101001011111
0100100100001101
0010010001010100
1110000110100101
1101001000000101
1000101011010100
0110101100010001
0110010101110111
1010111111001010
1010111000010010
1110000101111110
0110100010000110
0011001011100001
0000111110110010
0000101001010111
0011000000101101
0110100010110110
0011001010100100
0100100001000010
0100001001110101
1001110110000111
1110110001110010
1101111001111101
1000100100100001
1111001111000011
1101010011011010
1001101011010101
1000000101011000
0101101011101000
0101000111100110
1001001101000011
1001000001101100
0110110111111000
1001111101101100
1011101000111111
0100010000001111
0010000001111110
0001010010101010
0111010101100100
1111110001000111
1101110001100101
1111010100001111
0010110011000100
0000011010000110
0011110101011111
1101011011110100
1111010110010010
0001000011000001
1110101111000101
1010100001001101
1100011011011111
1110001110111111
1111000011111111
0001110110001101
0011111101011010
1111101100110001
0001000010100101
1110100000111101
1000100101110100
0100100001001111
0011111011000101
1111110101000011
0000010111010111
1000110111111000
0100011100111010
0001111101111011
0101111111000010
0111110000011110
1000111100000111
0100001001110010
0000110100011111
0010001100110100
0011000110110011
1000010001101000
1011101111011100
1001000000010001
1101010110110100
1001110010001000
1110001001000001
1111111101111101
1101011000011101
0111110000010001
1110101010101101
1100000010000111
0110111100000110
0110010110111110
0101000010000000
0011001100110001
1000111110111011
0110110000101000
0110100110101111
1001010001001100
1010010000011000
0110111010110000
0110010110111010
0010111111101101
0111111001001111
1111001010110100
1011100011111101
1111011011100001
0000101001101000
1011000000110100
1101010101100011
1010001010100010
1111010101000011
0010100111111011
1111011110010111
1101010011111101
0000011011010111
0001010100001000
0011001110111011
0100010000110001
0010111100101110
1101011001110111
1100000100000000
1011011010011011
0010010110001010
0001100101100101
0001100101110111
1110110011101110
1111001111110000
1001111010110110
0101110110010001
0110000110101010
0111111101100111
1011010011101100
1011111000011000
0110100110011000
0101001000101001
0111000001011011
0100110101111100
1010010010011011
1101101101001010
1011101000100101
1110101001111110
1011100110100100
0000100000101010
0100010101100100
0000110111100101
1001100001101001
1110110100011011
1100111101100110
0111011010010110
0100110111011001
0010110111111111
0100010110001010
0110100100100010
0100110001000010
1000000010001001
1011001010000111
1100000111011100
1000110001110011
0111100111101010
0011100011010101
0111110111010100
1111110001101000
1011111011101101
1111001111011000
0001110100111111
1101011101000101
0001111110101010
0001010001111010
0101000101111000
0110100110000001
0011100100011110
0000100010101000
0001011000011111
0011101100100100
0011110100110001
0011110011110100
0100011000110110
0010100000011001
0010011110011000
0001110101010001
0110010101100011
0100000101010010
0110100001011001
0010110000011001
0001010011100110
0101010101011100
0100000001110001
0111000011010110
1000001111010010
1101011110011000
1110000100010110
1000100100011100
1000011001111011
1001011010100011
0100000010010101
0111101001101001
1100010100110001
1011000101011101
0000011001011011
1110110000000100
0001010000000000
0011101100011010
0010111011001010
1111011011111010
0010001111011001
0010000101010011
1011001001101111
1010011110111010
1000010001101001
1001000001011010
0111101111110101
0111010000100001
1001101000000111
1101011110000111
1110011001010011
1001111011011101
1000100101100000
0100100100010000
0101100101101111
1101011001100101
1001011111100011
1101111010101011
0001100111010111
1110100010001111
0010101010100101
0101010000001101
0111101110001011
1010110001111010
1001000111010010
0111110101111101
0101010001101100
0101011111000101
0101101011011010
0011011000001001
0011011000110101
0001000001011110
1110111010110010
1110011000000011
0001110110101110
0000100111111100
0001010011111010
1110010011100010
1100011101000010
0010000101110110
0000001010101110
0011100000001001
0010100110101111
1010010101001010
1010110001010000
0110011110010110
1000010101010001
0111111010100000
0011011111000010
0111110111000001
1110110111010011
1110100110111101
0001100000001101
1110101101010010
1111010010001110
0011010111010000
0010000101100100
1101111110010011
0000010000110011
0010101011111000
1011011001110111
1110100001110111
1101101111100011
1101001110110111
1010000011111101
1000100111011000
1001010011000100
1101101110010000
1101000010111100
1010110100010111
1001100000110101
0100000001111001
0101110110100010
0010010000001000
1101001011011100
0001100100001110
0011100111100011
0001111101010100
0110100000110111
1000100101010000
1001110010010111
1100110110011110
1000010101100111
1000101000110101
0101001111110010
0101001010000101
0101110100011100
1000001000001111
0011011110101001
0100010111011010
0010110101001100
0010111001001001
0101010111010000
0001110011010111
0001111101100010
1111110011101000
1111010011000000
1101100010011100
1011111011001100
0000110011001110
0001000001000001
0101010001011100
0100001010011101
1111110001100100
0100111010001101
0101100111111101
0001110111010110
1001100101101100
1101110111100101
1101000001100100
1111010011101000
1101100011101111
1011001110000111
1110000100110100
1011100010101100
1100001000110000
1101110011110010
1111101110101101
0110010101100011
1100111100100100
1011100111010100
1011110101100110
0111000000011011
0100100101001111
0111100110101100
1101010100110011
1000111000000011
1001110000111010
1100001000101010
1001001011111101
1011000011001101
0101110110110001
0010110000111110
0100011101011001
0011101101001101
0001111111100001
0110100000010011
1010101111000011
1011001100100011
1101000011111010
0111011100000110
1000110111011111
0011000011101000
0001000111111101
0001010011111101
0010001000011010
1011100010010101
1101110001000000
1111001101110001
1101000010101001
0000100101111010
1101100011100100
0000001011000000
0000111100100001
0001001010010111
1100001000111001
1011001101001111
1111100010011010
1011110101011110
0000011001101101
0000011101110110
1111011110100010
0101111101111101
0110111110001000
0011101110000101
1011101111101101
1111110111111100
1111101011001010
0001010110101000
1111001110110001
1001100001110101
1011000110101001
1000101011100000
1011000110101100
1100010101000011
1110001000000100
0110111101010111
1100000011101110
1000011100111100
0110000011011111
0100100100100000
0010111110101100
0100100101000111
1000001011001001
0111001001011010
1001101001011100
1011100101110110
0101111111101101
0111100111100110
0101000000000010
0010000100001110
0011001011001110
0010110110001001
0001001101110010
0011010111001010
0110111001101101
1001000111111101
1100000110010101
0101100010111011
0101011100101111
0010001111110100
0001000111010001
0001100100000000
0011011110101111
1010101000110111
1101011010111111
1110100101001001
1111110000001011
0000101010100110
1111001001100100
0000111011010110
0011011001111011
0001111110010000
1101010001111001
1110011101110101
0011101101000111
1110101101011111
0001010101000010
0011010111111001
0011110010010011
1000111101001010
1001001101001000
0110001001010111
1010101011001100
1110001101000000
1110100011010010
0000001110010101
1111110011111110
1010011100110101
1100101100101101
1011001010010011
0000110100101010
1111010000001000
1111101011000111
1001000001010010
1101001110011001
0110001100010001
0110010001110010
0001001000010001
1111111000111010
0001001111111110
0011111101001110
0101001000001011
1010100100011111
1001100000011100
0110011010111011
0101111000101101
0100010101011100
0110001110000011
0110010010010101
0011100011110001
0100011100001010
1000001110001000
1110010111100001
0001011110010010
0001001010100011
1010100101011001
1010010010100100
0100001000011111
0100101011100110
0101001010001110
0100111001001000
1101101001101001
1110011110111001
0000111101010010
0011000111111010
0100000100101010
1110001101101110
0000111110000010
0100001100100010
0010110001011010
1010001010011100
1101100100110010
0010101111111101
0001001001110111
0010101101101100
0110100000101010
1000001001001100
1011101011001001
1001111011001100
1011011011100001
1101101010100110
0000011100001100
0000000101110000
1111001100100110
0000011000010000
1010001001010101
1010111111111011
1000001010000111
1101110000101100
1001101110110101
1001001101000010
0010010101011101
1000010110101000
0010101011000110
0011011111000000
1111000100101101
0001110101110011
0100011001011101
1000011000111111
1001010010001011
1000111101110101
0111000000111110
1000010110110011
0110110000011100
0110111010000101
0111110110100110
0110000110110110
0101111011011111
0111100010000110
1011100100001111
0000011100101100
0000011010101100
1110100010010101
1000010100010100
0111010101000010
0011010000011101
0000011110110011
0010110111110110
0101001001000110
1111001101100011
0001101010111100
0011101110011011
0011101011111010
0010110000110111
1111101001010101
0010000011010001
0101000001011011
0100110001111010
1110010100000010
0000000011101110
0001000000101100
0000101000011000
0010110100010100
0101010011101010
0111011000011101
1010011101110100
1001010001110011
1110111110010000
1111011100011110
1111100001101010
0001010000101000
0000101001011110
0001101010100011
1000111011000000
0111101011101111
0111011111101110
1011101010011111
1001110000111010
0111101101101010
0000101101100101
0100110010001011
0010001100111011
0010001000011011
1111101011111111
0010111000111000
0010100001010011
0101101101111000
0101101111001011
0101100100011001
1000000010001110
1010100101100010
0101100011000111
0111010000101011
1001111011011110
1001111100101010
0101001001111100
0100101110011001
1000110000010110
1011101101010100
1010100000101011
1001100011000010
0011100110110011
0110000110011001
0010111010010111
0000100010010110
0101110111100010
1010000000001001
0011110110101011
0101010001110111
0100101010010001
0101101101010110
0001110010110100
1101101000000000
0001100010011010
0011010110111001
0101000111001100
0101110011001000
0011101000101001
0010000001110011
0010000000110110
0001001010101010
0011000100011010
0110010011101111
0100110111100011
0101101110001111
1001110001001001
1100000100010011
1011001011010101
1010010001001010
0110101100011001
0111101011111010
0001010110100000
0011101010110100
0011100010000111
0111101101010000
0110110100111011
0100111101101011
0010000010001101
0111011000101111
0101001001101011
0110010101110101
0011110111010101
0101111101111100
0110000110101001
0110110000110000
0110101001000000
1000110000000011
0111011101111000
1001011010000110
0110001010001101
0101000011010111
1000001001010111
1001000110100000
0001010011010010
0010110101110000
0111101010111100
1011001101110011
1001010111011011
1001001111000101
0101010111111010
0111011111011010
0110101010111001
0101001111010000
1001111000001101
1110010011110001
1000010101111111
0110101110011100
0100110010111000
0011111110001110
0001001001011011
1011111100111000
0000110000000011
0010110001100010
0110101010101101
0000000010110011
1110001011001010
0000011011110011
0000100000011101
0001010111101110
0101101111010000
1010000010100111
0111111001100110
1001011100100001
1100111100111010
1101100000001101
1010101100110000
1101011011001011
1001001110011100
1010001110100010
0011111100111001
0100111001001001
0100011010110110
0110010101010011
0011101100101100
0000001101010001
1111001111110010
0010100110000111
0011101111010101
0010001010011000
1111101011100111
0101011101001110
1000100000010011
0110100111110111
0110100010101010
0111010100001111
0110110001011100
1010010111011000
0100110001010111
0001111110011100
0101000000110000
1000101101101000
0000000111000000
0011101100010111
0110111100011010
1010111000101111
1000111101100010
1001010100110110
0111110111100101
1001100111010001
1001000100010110
1000000011001111
1001011111001100
1100001001110011
1001000101111001
0100110001000110
0001100100110001
0000000111001011
1110010100011011
1001100100100010
1101110101000001
1110011000111011
0000001001110101
0110101010001110
0100000100110100
0010001101001101
0100101100110001
0101011100001011
0101011111101111
1001011110001000
0010100101011011
0011101111111010
1000010011011000
0100100010011010
0100010101100110
1000011111010101
0101111011100101
0101110101100100
0011001110101000
0110010110010111
0111100001000110
0111111001110001
0101100111111101
0011000011001011
0010010100001110
0010100110110100
0001001101101100
1110001110100000
1100111011011101
0101101111000010
0111111010000001
0101101011110001
0110000111110011
0111110101011011
0101001100101110
0111110111011010
0000101001011100
1111011000011001
0011110110100111
0111100011100000
0000110101111111
0100101011101101
0101111001101101
1010111101001110
1000010000101100
0101011001010000
0101010011111001
0111011111100101
1000110000101101
1010000010000011
1010010101110011
1010111101110111
1010011010111010
0110001000000011
0100010011101000
0100110000111100
0011101000001100
1110110001010011
0000100001110001
0000001011100110
0010101111100111
0111101110010111
0110000000001111
0110010001011100
1010000101101001
1010100000111001
1011101001011100
1110110111000100
1001011010010111
0111110001011011
1100101010000001
1001100000111011
1000011001000000
1001111111100001
0111101010001110
0101000000011101
0101010111110010
0111110110010001
1000101010110100
1001010000100111
0110000000011101
0001000111010111
0010010011000000
0010010100100010
0101001000000101
0010101110111111
0011011000001010
1001100000000100
1011011110011100
1000100101001011
0111100110110111
0101100000100110
0100000010111010
0100110110011100
0001000110011110
0001100100001111
0010100111110110
0101100010110110
0001001000000010
0011110010011011
0110011111010000
0111110010010000
0010100010101100
0000000110101001
0000001001110011
0011011111000100
1000101111011001
1010100010111001
1011110011100101
1011010100000011
1100001000110101
0110111001101100
0101110110010011
0110001011001011
0100110101001010
0000001111000010
0100010101011010
0101111110001101
1001111011010100
0100100001011010
0000101001010111
0000011001111110
0100001111000100
0101110101111111
0101001011101001
1001101101001010
0100001100001110
0101000111111100
1001100100000101
0110001010101000
0111001010110111
1001101100000000
0111100000110011
0100010000010000
0100100111001101
0110001111001100
1010100100010110
1001001010100001
0011011011100001
1110111101111001
0000001010011001
0000010011000110
0101000110000000
0000011110011011
0010101111101011
1001010010101110
1010001001001101
0111011110011000
0100111001000111
0100001101101101
0100010101110110
0100110100111011
0010110111111100
1111110000001111
0000101011101010
0100001011010011
1111111110001000
0000010111000100
0010111101110001
0010010110011000
1101000001011110
1100011111001001
1110000101110000
0010000111101000
1100100011110101
0000001110011100
1111101101111100
1111011011001100
0001100011000101
1010101000001001
0110101101101011
0101101110000000
0100100011000101
0011101000000011
0101011011010101
0011100100011101
1000001000011101
0111100000100110
0001010101101000
0010111000111011
0011010110001100
0100001100100011
0010101111101010
0110011010111111
0100010010101011
0110001110111110
1000001110101111
0100100010010101
0111101100010100
0111111100110000
1010001100011101
0111101000001111
0100100111100101
0111011011000010
1001010000000011
1000011111010111
0110000011001101
0010011101010001
0001000101111110
0011100001101001
1001001011011000
0100110110111111
0110011111010110
1011001111010001
1011011000010111
1001010100101110
0110101000110001
0110000111011111
0011100001111110
0011010000100010
0101100001100110
0000010100101110
0000010010101101
0101110010000011
0010110001100010
0001011110000100
0011001000000000
0011100001101001
1111001001000111
0000001111110100
0000111010010000
0001111011111001
1100000100110111
1101111011101000
1100010000111000
1010000011010001
1100001100100101
0110100101111110
0011011000100000
0101010110000101
0101001110110000
0100011011111110
0110001011010010
0110010010111001
1010110100010000
0100100100110000
0000011101000010
0011000100000100
0100000111011000
0100111111001111
0010110001010100
0110100011001000
0100010000011001
0100100000001101
0101111111101010
0010001100011111
0101110101001100
0101101111011010
0110100001000000
0101100001010111
0010100111010010
0101011110000010
1000011001000010
1001111011110100
0111111100000110
0101100111000011
0100010011000011
0110000110011100
1100001100010110
1001111111101011
1100001110111010
1110101100100001
0000011000011011
1101001001111011
1011011001101001
1000000000101110
0100100111100111
0110000101100010
1011000111000111
0101100001100010
0011001011000001
0101010001110010
0011011011001111
0001000000100110
0011100001101011
0101010000100001
0001110101100111
0011011110101001
0101011011111011
0101101101011001
1011101001011000
1010001000101101
1000101101110100
0101110100100101
1000011101100011
0001000110101101
1110011110011011
0001101011011101
0110000011100111
0111001101100000
0110100001011100
0110101100101010
1001101000011000
1001000011101111
0111000111110110
1000001011100110
0111100001110111
1000011111010011
0101101110101011
0111110011000001
0101001111101001
0100101110100100
0111111001010100
0010111000100100
0111001000111001
1001110010101011
1011100100010010
1111010011011000
1010110000110011
1001100011100011
1000110001000010
1011100000000011
1000101000011100
0110010000100001
0010101101011010
0011111001011001
1000111011111100
1000101110110001
1001011101110001
1010011000000011
1001110110000111
1001101010110000
1001101100001011
0101001101111100
0010011011111001
0101111111010111
1010100011011110
0101011101000010
0101000010001101
0011111000001111
0011110010000011
0010101010110101
0101011111010000
0111111011011010
0110010101011011
0010100100100101
0100100010111001
0101000101101111
0110011101111001
0011010100010110
0101010011010100
0001010100100010
0010110001010110
1111011000010100
1011110010111111
0010101100101100
0111000111110110
1000001001101011
0111110010100000
1000000011011100
1000001110111011
1100101111011101
1001100010110001
1001100101111010
1001110100011110
1000100010000100
0110010011111011
0100010011010110
0011011001101010
0011111011111101
0100001111100000
1111010111111110
0001110000110011
0011000011110011
1000110010000010
1101110011011000
1011110000101011
1011000100111101
1001001101111110
1110111011110001
1110101110001101
1101110000111001
1001010111010111
0111010011100000
1010000101111010
1011011111011111
1100010010111101
1001100110100001
0111101101010101
0101110011111101
0111101111101100
0011101110100000
0000110101010100
0010001101000101
1000010001011010
0110101111100011
0111100100110101
0110011000110100
0111001111000000
0010110101111001
0110101101000100
0110111110010001
0100101111100100
0010110110000011
0101010110100110
0101010110011010
0111111011011000
0100011010110010
0111101100110101
0011100110101001
0010111111111001
0000000000100100
0000011101011001
0111100101110111
1011100111011100
1011011110110100
1100101100111000
1110010010011000
1110100101110100
1011001111100101
1010110011111111
1010101110011110
1000011111010011
0111010001100101
0100111111101111
0011000011101100
0011110100001101
0101100010101000
0110100001001101
0001111101110010
0011111111010011
0100111110101011
1010100111001100
0000011111100111
1010111100111110
0111010111110010
0100111100110011
0111111000111011
1011000100010001
1101101000111001
1001000100110010
0110010011111000
1010101101011110
1100001000101101
1110000101110001
1000100111011001
0101011001001111
0011010111111100
0110001001111010
0101110110000001
0010101101000101
0010101111110100
1001100111111101
0111111101000101
0111111110000110
0100110010111111
0101101000101100
0000101101111011
0100100110011001
0101010111011000
0110010011000100
0010110011101100
0011101110110101
0000100111010001
0100111000110111
0001111100011111
0011011100101111
1110111110101010
1101011110011101
1010101101111000
1011111001111110
0010000110010101
0100100001000111
0110011010011000
0111110110011100
0111101001111100
1010000010001000
0110101010111011
0110100101110010
0111011001011101
0111000100000110
0011010100110100
0011000010111110
1111110010100101
1111101100100100
0100010101100011
0101000001000000
0000100101101010
0011111101010100
0010111101111011
0101100111001000
1110010100010111
0110011111100010
0010010010000111
0001011010110011
0011111100011110
0101110011101101
1011100010100000
0110111101100110
0101111101110101
1001111110110001
1001111010000011
1101100000100101
1010010000101011
0110110000011011
0100100110101100
1000101110010100
0111001010011110
0100001111100110
0010111110101101
0100100100010111
0100010001101101
0111100000111100
0011010110101010
0011111011111000
0001000000010101
0101001000101110
1000110101111000
0111010010010011
0011110100111101
0001001001111111
1110111011010110
0011001011001111
0000011111001000
0000000011111101
1101011011010001
1011100101000001
1010100100010001
1010001011001011
1101010111111100
1111100011110100
0101101100111001
0101100110011110
0101011001000110
1000000001111110
0111010011011101
1001001010011000
0111101111111110
0101111100100100
0100011000101111
0010101000011100
1110011101000001
1110011011100100
0010110011000010
0111100000100000
0101111100000011
0101011110011001
0011110011000100
0100000111101011
1100011000101110
0110100000111000
0011101000010111
0001001100010001
0100001111001001
1001001100001101
1111100100000011
1100111110111010
1010110001100001
1100000010000001
1000110101110001
1101111110100010
1001001001100111
0110010101011000
0011001001001110
1001100000101001
0111010011110001
0101100011001010
0011000101111101
1111110100100010
0000011001010110
0010001011110000
1111000111111000
0001100100111001
0000100100111001
0100010001011100
0110101100110011
0110101000000011
0100010010010011
0000111110000011
1110100001001111
0000001100001001
1100001011110111
1101000011000101
0111110101000100
0110100111000111
0101001111110110
0101100101100100
1001110101110010
1110000110000111
0100000110000010
0100111100100000
0100000101001010
0110111100011001
1011100001010010
1010100000000111
1001010011100010
1001001011110110
0111111100001001
0100110100011101
0011000000001100
1111110001010101
0101101001011000
1010001101011010
1000100000100110
0100110001000110
0111001011101010
0110010101001010
1011100000010010
1000000011011000
0100000011010101
0010001010111101
0100111100001011
0111011110000000
1100010100101100
1010000101010000
0011110101111001
0101010000001111
0011101000000100
1000000111100000
0101011010100010
0010100000101001
1110011001110110
0100110110101110
0101111001100110
0010001001111000
1111110001100110
1001111000110010
1101000010001101
0001110111000001
1111001000011100
0000101001100110
0001000110010100
0001100000100000
0011011010000111
0100001011001011
0100001001100100
0000100110001011
0010010111010100
0011101000000111
1111110011111001
0001010101110101
1101011100000100
1100011100110001
1010000000100100
1010000001010110
1110111101110010
0101011010011111
0111001011011010
0100010110100010
0101001001001010
1001110110010100
