0011110001100010
0100011001000110
0011111010010101
0000000000000000
0000000000000000
0010011100100010
0101100000111110
0000000000000000
0000000000000000
0000000000000000
0100100010010110
0000000000000000
0111111100110110
0000000000000000
0000111110010101
0001101101101011
0010000000111110
0110101111010110
0000000000000000
0011000100111000
0000000000000000
0000000000000000
0011010011001110
0111000101111010
0010000000001110
0000000000000000
0100101100000001
0010001101000000
0100111110000110
0111000011000101
0000000000000000
0000000110000111
0111110011101010
0101010111111101
0000000000000000
0111101100100110
0000000000000000
0011110000000011
0000000000000000
0111011011111000
0000000000000000
0000000000000000
0000000000000000
0011111010110101
0110100110000010
0000000000000000
0000000000000000
0000000000000000
0000000000000000
0000000000000000
0000000000000000
0000000010010010
0110010000111111
0000000000000000
0000111100010011
0000000000000000
0010101010110111
0010110110011000
0110011001111100
0010000000110111
0010010110101011
0010000100101010
0000000000000000
0000000000000000
0000000000000000
0011010010001100
0111111001001100
0000000000000000
0011011011101011
0000001011111011
0110011110100001
0101110110101101
0000110111101100
0100000100010000
0111100101110000
0100101111101111
0110100101100110
0000100101111111
0000000000000000
0000010111011111
0000000000000000
0000110000110110
0011011100010100
0011110001110110
0111010101101100
0110011101101001
0100001010001101
0101000110010000
0000000000000000
0000000000000000
0101111001101111
0000000000000000
0000000000000000
0010010110111000
0100001111110001
0101011011011100
0000000000000000
0000000000000000
0110010001011110
0110101001101010
0000000000000000
0000000000000000
0000000000000000
0000000000000000
0100001001000000
0000000000000000
0000000000000000
0101010101001000
0011110110000011
0000000000000000
0110001001110001
0000000000000000
0100010001110110
0000000000000000
0010110100000010
0101011010000101
0100110111000010
0110011001101100
0000000000000000
0000101010000110
0100000011010001
0000000000000000
0000000000000000
0101110001011110
0000000000000000
0000000000000000
0010100100111000
0010000000111100
0110001011101011
0001100011001111
0001101110001100
0000000000000000
0000000000000000
0001011111101111
0010001010001001
0000000000000000
0101101110101011
0010111000101101
0011101110000110
0000000000000000
0000000000000000
0000000000000000
0011110111010100
0000000000000000
0000000000000000
0100010101011010
0000000000000000
0100011011001011
0000000000000000
0000000000000000
0010000110100101
0000000000000000
0010110010001010
0110111000100101
0101011111011011
0101101100011001
0000000000000000
0000000000000000
0000000000000000
0011111100111011
0001010101010000
0000000000000000
0101111010001000
0000000000000000
0111111010011111
0000110010101100
0000000000000000
0000000000000000
0000000000000000
0000000000000000
0000000000000000
0000000000000000
0000000000000000
0000000000000000
0100000000001001
0000000000000000
0111000110010000
0100010010000101
0000000000000000
0000000000000000
0000000000000000
0000000000000000
0101100101000011
0000000000000000
0011001011110100
0000000000000000
0000000000000000
0101011111000001
0000000000000000
0000000000000000
0000000000000000
0110111000001001
0000000000000000
0000000000000000
0000000000000000
0000000000000000
0111011101011011
0000000000000000
0110010001110010
0000000000000000
0011111111101110
0011110100110111
0000000000000000
0101010100101001
0000000000000000
0100011011100010
0000000000000000
0000000000000000
0000000000000000
0110110111110101
0000000000000000
0110011010110110
0111000010101110
0000101110011110
0000000011010000
0000000000000000
0000001011010101
0000000000000000
0000000000000000
0000000000000000
0111111100010000
0000000000000000
0000000000000000
0000000000000000
0010011001111101
0010001111111100
0000010110010100
0000000000000000
0110010101110010
0000000000000000
0000000000000000
0001011011000011
0000000000000000
0000000000000000
0000000000000000
0100000101010010
0110001110100101
0101010100110100
0100001010011110
0000000000000000
0000000000000000
0000000000000000
0011011110100110
0000000000000000
0001101000011000
0000000000000000
0000000000000000
0000000000000000
0000000000000000
0110001001100110
0111000111001001
0101101110010110
0000000000000000
0101000100001101
0000000000000000
0010111110111001
0100100101001101
0000000000000000
0000000000000000
0000000000000000
0000000000000000
0110001100100111
0000000000000000
0000000000000000
0101101101111010
0110011100101010
0100110010111101
0011100001100101
0000000000000000
0001100100101011
0000000000000000
0000000000000000
0110110110000001
0000000000000000
0110010010101001
0000000000000000
0000000000000000
0100010010100100
0101001101101010
0000000000000000
0101110101011110
0101001111100100
0000000000000000
0011001101000010
0000000000000000
0000000000000000
0000000000000000
0000010001001100
0000000000000000
0000000000000000
0101000010111011
0000000000000000
0111010000001001
0101001001001110
0001011100100111
0000111100100010
0000000000000000
0000000000000000
0000000000000000
0000000000000000
0000000000000000
0100011000011100
0001101011111000
0001100011010111
0000000000000000
0000000000000000
0010111001111010
0100111110010010
0000000000000000
0000000000000000
0011010111110101
0000000000000000
0100111010010011
0110110110001010
0000000000000000
0110011000111010
0100100110010110
0110101011000011
0100000000101000
0000000000000000
0001100010010000
0000000000000000
0110110000011010
0001100001011100
0000000000000000
0110101100110010
0101111101000110
0000000000000000
0101001000101100
0000000000000000
0111011000111000
0100100101001111
0000000000000000
0000000000000000
0010001010101101
0001101010011111
0011101100110000
0000000000000000
0000000000000000
0000000000000000
0000000000000000
0000000000000000
0000000000000000
0000000000000000
0000000000000000
0010011111001000
0100111000101110
0101111001001000
0111001100010100
0100011110001110
0000000000000000
0000000000000000
0000000000000000
0000000000000000
0000000000000000
0000000000000000
0000000000000000
0000000000000000
0000000000000000
0000000000000000
0000110011100010
0000000000000000
0000000000000000
0000000000000000
0000000000000000
0000000000000000
0000000000000000
0000000000000000
0000000000000000
0100000001011101
0000000000000000
0000000000000000
0110100010100111
0000001110110111
0000000000000000
0000000000000000
0001000101101010
0011011111100110
0011000101111011
0000000000000000
0100110110001101
0111111101001010
0000000000000000
0100101110111010
0000000000000000
0000000000000000
0000000000000000
0101011011100101
0000111101110000
0001000101010100
0000000000000000
0011011101100111
0000000000000000
0000000000000000
0000000000000000
0101001010101111
0100111000100110
0111100100010010
0110011010110001
0100001011010110
0000000000000000
0111100001000111
0000110011110001
0011011111000101
0001110001001011
0011010101001001
0111000111100111
0000000000000000
0011000110101110
0000000000000000
0000000000000000
0000101010110011
0000000000000000
0011000101001010
0110101101000101
0000000000000000
0000000000000000
0000001101111011
0111100001110001
0000100010100101
0101000111001110
0010101000110011
0110001000110001
0001011111110000
0000000000000000
0000000000000000
0101110010110101
0000000000000000
0010001011110000
0000000000000000
0000000000000000
0000000000000000
0010110010001111
0011110110111000
0000000000000000
0010011010001001
0000000000000000
0000000000000000
0000000000000000
0101000110011100
0010000110111100
0000000000000000
0000000000000000
0101001111000010
0110010110110101
0000000000000000
0000100110110110
0000000000000000
0000000000000000
0000000000000000
0101101110010101
0000000000000000
0010111001011111
0000000000000000
0000000000000000
0000000000000000
0000000000000000
0011111001100010
0000000000000000
0001010000001010
0000000000000000
0000011110011111
0011011110110010
0101110111101111
0110001111000011
0101100010011110
0001100011100010
0110000011100011
0000000000000000
0000000000000000
0000111010101001
0000001011011100
0000000000000000
0000000000000000
0000000000000000
0000000000000000
0000000000000000
0000000000000000
0000000000000000
0011001001001100
0000000000000000
0101011101011001
0000000000000000
0100110100011100
0010111011100010
0111100110001011
0000000000000000
0000000000000000
0000000000000000
0100010000110101
0000000000000000
0000000000000000
0000000000000000
0001111110100010
0001110000010011
0000000000000000
0000000000000000
0000000000000000
0000000000000000
0110000101111011
0010011000011001
0011000000110111
0110001011111001
0100100001101010
0111111100001010
0000001011000000
0000000000000000
0101111110110111
0000000111000100
0000000000000000
0000000000000000
0000000000000000
0000000000000000
0101001110010001
0011110000111101
0000000000000000
0110100100100010
0000000000000000
0000000000000000
0101100110000001
0001100011000111
0101011001001111
0000000000000000
0101111111001001
0000000000000000
0110100000110111
0000000000000000
0000000000000000
0101111001101100
0100100110101101
0000000000000000
0000000000000000
0000000000000000
0000010100111001
0000000000000000
0000001100101001
0110000101010110
0000000000000000
0100000101110001
0111010101110001
0011000101110100
0000000000000000
0111010101010010
0000000000000000
0100110101000000
0000000000000000
0000000000000000
0110101000101111
0000000000000000
0000000000000000
0000000000000000
0001001010000100
0111011011011011
0000000000000000
0111100101010100
0000000000000000
0000000000000000
0000000000000000
0000000000000000
0000000000000000
0000000000000000
0000000000000000
0000000000000000
0000000000000000
0000000000000000
0000000000000000
0000000000000000
0000000000000000
0100011111001110
0000000000000000
0110011111010011
0000000000000000
0000000000000000
0011011111110000
0011000001101001
0000000000000000
0010110000110101
0000101000111001
0000000000000000
0110011000011011
0101111111101011
0100110111101000
0000000000000000
0000000000000000
0000000000000000
0101110001010001
0001101110110111
0000000000000000
0001110011001110
0000000000000000
0001100010010001
0000000000000000
0000000000000000
0101110101010110
0000000000000000
0000000000000000
0000000000000000
0000100111110001
0000000000000000
0000000000000000
0000000000000000
0000000000000000
0011000101101001
0000111011111010
0111001000101010
0000000000000000
0010111100000111
0000000000000000
0000000000000000
0010001000100110
0000000000000000
0000000000000000
0011100011111000
0000000000000000
0001000101000110
0001010111110011
0011000010011011
0011110100110001
0010001001001110
0111111011010000
0000000000000000
0000110001011111
0000000000000000
0000100100101000
0100001100101100
0000000000000000
0000000000000000
0000000000000000
0010101011111011
0111011001101010
0010110011110011
0000000000000000
0000000000000000
0000000000000000
0000011111111101
0000000000000000
0010111001011001
0011010010111010
0000000000000000
0001011110010111
0000000000000000
0101010000010111
0000000000000000
0000000000000000
0000000000000000
0111110111100110
0111011101000111
0000000000000000
0000000000000000
0101111001111110
0011100000011011
0000100111010010
0010011000011110
0010011010011001
0000000000000000
0101101101100111
0011101100111100
0000000000000000
0000000000000000
0000000000000000
0011100010010111
0000000000000000
0111010011110101
0000000000000000
0110000000001000
0101100110101000
0000000000000000
0000000000000000
0100001101101001
0000000000000000
0000000000000000
0101011000010100
0110000111111011
0111100001011010
0000000000000000
0000000000000000
0000000000000000
0000000000000000
0000000000000000
0000000000000000
0000000000000000
0001001101000000
0001001010110000
0000000000000000
0011100010001111
0101110100011110
0100111001111111
0001011011110101
0110011100010011
0011100001000011
0000000000000000
0000000000000000
0000000000000000
0000000000000000
0000111101111100
0110011101101111
0000000000000000
0111111010100100
0000000000000000
0000000000000000
0000000000000000
0101100000100101
0000000000000000
0000000000000000
0101110111110010
0000000000000000
0000000000000000
0011110011100010
0000000000000000
0000000000000000
0100011110101110
0011110011110100
0100011111110111
0000000000000000
0001101011000000
0111101110101100
0001100001010111
0000111100000000
0011001010111001
0001100100000010
0000000000000000
0110100110000100
0000000000000000
0100111011010000
0100111011011100
0000000000000000
0000000000000000
0000000000000000
0000000000000000
0000000000000000
0111000000010000
0000000000000000
0011110100101111
0000000000000000
0000000000000000
0000000000000000
0000000000000000
0010111110110111
0100111000010101
0100101011010110
0011000000100011
0000000000000000
0000000000000000
0000000000000000
0000000000000000
0000001111000100
0000000000000000
0101110010110101
0000101001001010
0000000000000000
0000101111000011
0000000000000000
0000000000000000
0111101110101000
0000000000000000
0000000000000000
0110110010001101
0111101111100001
0110100110110001
0000000000000000
0000010001000011
0101101011100100
0011111100110000
0000111111001101
0101000000111011
0000000000000000
0110100011100010
0000000000000000
0000000000000000
0000000000000000
0000000000000000
0001011111101110
0000000000000000
0110100111101011
0000000000000000
0000000000000000
0000000000000000
0100110000100011
0000000000000000
0000000000000000
0000000000000000
0000000000000000
0010101000110111
0000000000000000
0110001110100001
0000000000000000
0000000000000000
0000010111100100
0000000000000000
0100111111000010
0000000000000000
0010001101000101
0000100111001000
0101001101010001
0000000000000000
0101000100000111
0000000000000000
0000100111001000
0000000000000000
0000000000000000
0111101100001011
0000000000000000
0011110111011001
0000000000000000
0000000000000000
0000000000000000
0001010101011000
0000000000000000
0000000000000000
0100011100111111
0000000000000000
0111011011011001
0001100101001110
0110100011101100
0000000000000000
0000000000000000
0000000000000000
0000000000000000
0000111010111001
0000000000000000
0000000000000000
0000000000000000
0111011101011110
0110101000000011
0000000000000000
0011100011001011
0000000000000000
0000000000000000
0000000000000000
0100110110101110
0111100100101110
0000010010000001
0010010111011111
0001101010100000
0000010010010011
0111111010001010
0000000000000000
0110011101010000
0100000001100011
0110111111111111
0000000000000000
0000000000000000
0101001110001000
0011011000011100
0000000000000000
0000000000000000
0000000000000000
0000000000000000
0000000000000000
0001001000010101
0000000000000000
0000000000000000
0000000000000000
0101101011110010
0111101110011000
0100110010011101
0000000000000000
0101010001101000
0000000000000000
0100010101010001
0000000000000000
0000000000000000
0000000000000000
0010000111000101
0000000000000000
0000000000000000
0000000000000000
0011110011110111
0011010001001110
0000000000000000
0011011101100011
0001011010100011
0000000000000000
0000000000000000
0111100101010000
0111011010011111
0010101111000001
0110000000010001
0000000000000000
0000000000000000
0000000000000000
0111110101010000
0000000000000000
0110110111001001
0111000011011111
0000000000000000
0111100101000111
0001110001111111
0001011010100110
0001101110100111
0000000000000000
0000000000000000
0100110101011010
0000000000000000
0000000000000000
0000000000000000
0011101110101110
0100100100010000
0101110101100111
0000000000000000
0100011011010101
0000000000000000
0000000000000000
0000000000000000
0000000000000000
0100100100100000
0001111011111101
0000000000000000
0000000000000000
0100000101010110
0000000000000000
0000000000000000
0110100101000001
0000000000000000
0000000000000000
0000000000000000
0101010100101011
0000000000000000
0000000000000000
0011110001101011
0000000000000000
0000000000000000
0000000000000000
0000000000000000
0000000000000000
0110101110010011
0011001110011001
0000000000000000
0000000000000000
0000000000000000
0111110001000001
0010100011100100
0110000111110000
0000000000000000
0000000000000000
0000000000000000
0010000110111000
0000000000000000
0101011100101110
0101010010110110
0110010110010111
0011010100110101
0000000000000000
0101101100101011
0000000000000000
0010111100101010
0001000110100101
0010011000100101
0110001100101011
0000000000000000
0000000000000000
0011010101110000
0011011001001000
0100101000001111
0000000000000000
0110000001101111
0001000101010100
0000000000000000
0000000000000000
0000000000000000
0000000000000000
0001111011010011
0110011010111000
0000000000000000
0000000000000000
0001111011010001
0000000000000000
0000000000000000
0000000000000000
0111111011000000
0000000000000000
0111001000111010
0001101010011101
0000000000000000
0000000000000000
0000000000000000
0000000000000000
0001101111010100
0000000000000000
0000000000000000
0000000000000000
0000000000000000
0110010100001000
0000000000000000
0100100010110010
0000000000000000
0010110100100111
0010101010001100
0000000000000000
0010110001111000
0110010101001111
0100001100001100
0101011011110100
0000000000000000
0011110000011000
0000000000000000
0110000101101010
0010011001111110
0000000000000000
0000000000000000
0110111001010001
0001011001001001
0000000000000000
0000000000000000
0000000000000000
0010111101010001
0000000000000000
0101011001101110
0000000000000000
0000000000000000
0100011010111111
0000000000000000
0000000000000000
0001010111000001
0110011110110110
0000000000000000
0010101101110011
0000000000000000
0000000000000000
0011100110011110
0000000000000000
0000000000000000
0000000000000000
0010111100101010
0101001100011011
0100110101010110
0000000000000000
0011111111001100
0000000000000000
0000000000000000
0101011000111001
0000000000000000
0000000000111011
0000001100101011
0000011100110100
0100101101000000
0000000000000000
0000000000000000
0000000000000000
0000000000000000
0000000000000000
0111000100110010
0000000000000000
0000000000000000
0000000000000000
0010000010111000
0000000000000000
0000000000000000
0011011001011101
0000000000000000
0100110010101001
0000000000000000
0000010010101110
0000111011011001
0100001001000010
0000000000000000
0000000000000000
0000000000000000
0100110011011010
0111010001000001
0101110101111110
0000000000000000
0000000000000000
0000011001111001
0000000000000000
0000000000000000
0001111001110111
0111001001001000
0000000000000000
0000000000000000
0000000000000000
0011000001101010
0000000000000000
0000000000000000
0000000000000000
0000000000000000
0001001101100110
0000000000000000
0101110100100111
0000110100001001
0001010101111001
0000000000000000
0011100101110000
0101010100101010
0000000000000000
0010111100101101
0000000000000000
0011000101001011
0000000110100100
0100111100000110
0111101001011000
0101111001000010
0000011111001011
0110010010101000
0000000000000000
0011110101001111
0000000000000000
0000000000000000
0000000000000000
0000000000000000
0101101010111111
0000000000000000
0000000000000000
0000000000000000
0101001001001000
0110001110001010
0011111111011100
0000011110110110
0000011011111101
0100100000110010
0001011111001001
0110010000000010
0111111001111000
0111000011101011
0000000000000000
0000000000000000
0000000000000000
0000010010011101
0111101001000000
0000000000000000
0000000000000000
0000000000000000
0000000000000000
0110100100101100
0010101000000111
0101110001001100
0000000000000000
0000000000000000
0000000000000000
0000010110100000
0010010000010011
0100010110011111
0101101111101101
0111000001011100
0000000000000000
0111100100100000
0011001001000001
0101110011011001
0110100111111000
0110001101110111
0110010011010000
0100001110010000
0000000000000000
0110111111100000
0100100110011111
0101010110101011
0000000000000000
0000101101001110
0000000000000000
0010100110100101
0000111110101111
0100110011001110
0000000000000000
0001010010110110
0111111101001100
0001111001101001
0000000000000000
0000000000000000
0111111010010110
0000000000000000
0000000000000000
0011100101011011
0000000000000000
0110101010110100
0001010101110101
0010100011001001
0101000000110010
0101100100011001
0010111001010000
0000110011111100
0000000000000000
0000000000000000
0110000110011011
0011000110010001
0000000000000000
0000000000000000
0100110110000110
0000000000000000
0000000000000000
0100110011110001
0010011111111010
0010010110000011
0111100101110111
0000000000000000
0100001110001100
0001000101011100
0111100110001110
0010011101110001
0000000000000000
0100101110001110
0101001100111000
0000000000000000
0111110101000000
0101000001010101
0000000000000000
0000000000000000
0000111010011001
0000000000000000
0000000000000000
0000000000000000
0000000000000000
0111011010000101
0000000000000000
0000000000000000
0111101010111011
0000000000000000
0000000000000000
0110011111110110
0000000000000000
0000111010000100
0101000000101111
0000000000000000
0100111010111101
0000000000000000
0111100010001010
0001100001101001
0111110001000001
0000000000000000
0000000000000000
0011101111011011
0000000000000000
0000000000000000
0101110010110101
0000000000000000
0111010101011110
0000000000000000
0110101000101001
0010010001110011
0010110110010011
0110101011001101
0010110010110001
0100011111001111
0000000000000000
0111110110100001
0110110110100110
0000000000000000
0000000000000000
0100110010110101
0110100101110111
0000000000000000
0010011000010111
0001010000000011
0000000000000000
0100001100110110
0101001000001010
0101011101111000
0110111001110110
0100000101111001
0100100011000101
0110100110001100
0000000000000000
0000000000000000
0000000000000000
0000000000000000
0101001110010111
0100101011010101
0000000000000000
0000000000000000
0000000000000000
0000000000000000
0000111101010111
0110001000000111
0110000010100001
0000111001011100
0000000000000000
0110000111111111
0000000000000000
0011111101101101
0110000010100010
0010101101111101
0000000000000000
0000000000000000
0000000000000000
0100001111010111
0000000000000000
0000000000000000
0011001001101111
0000000000000000
0000000000000000
0000000000000000
0000000000000000
0000011000001110
0000000000000000
0001110000001010
0101111011100101
0101010100001110
0101011100011110
0000000000000000
0111011100001100
0000000000000000
0000000000000000
0000000000000000
0011100001001101
0000000000000000
0000000000000000
0000000000000000
0000000000000000
0000001010110110
0000001010011011
0000000000000000
0000000000000000
0000000000000000
0001010001101100
0000001110100001
0000000000000000
0000000000000000
0000000000000000
0010110001000010
0000000000000000
0000101100110010
0011010010011000
0000000000000000
0000000000000000
0010101101111011
0000000000000000
0100001011110001
0101100010111110
0000000000000000
0000000000000000
0011001101010110
0000000000000000
0011110110100001
0000000000000000
0000000000000000
0000000000000000
0100110101001100
0000010011101110
0010000000100110
0000000000000000
0110101100011000
0000000000000000
0000000000000000
0000000000000000
0000000000000000
0000111010110111
0000000000000000
0000000000000000
0000000000000000
0000000000000000
0101110001100111
0001001001000000
0001000011111000
0000011010110011
0000000000000000
0101011100111010
0010010101100110
0111000110110010
0001111000001010
0011111001111001
0000000000000000
0000000000000000
0000000000000000
0000100110011110
0000000000000000
0000000000000000
0011111010110101
0111101001111110
0110110110001011
0000000000000000
0010010101011101
0000000000000000
0000000000000000
0000000000000000
0000000000000000
0100100101010100
0110000010111110
0011000101001101
0100001011001000
0101010000010111
0000000000000000
0000000000000000
0000100001111000
0100001111101001
0000000000000000
0101101000111110
0001011101111010
0110011100011111
0000000000000000
0000011100110101
0000000000000000
0111011010110010
0000000000000000
0000000000000000
0000000000000000
0000000000000000
0000000000000000
0000000000000000
0000111101100111
0000000000000000
0110010101111111
0000000000000000
0111011011011111
0000000000000000
0000011000100001
0000000000000000
0110111100001010
0000110110001001
0000000000000000
0110100001100110
0001001001111110
0000000000000000
0000000000000000
0011110100110110
0000000000000000
0011101101110000
0101010010001010
0000000000000000
0000000000000000
0011111001000001
0000110010011100
0000000000000000
0010110101001100
0000000000000000
0101100000101111
0110001101111100
0110001011001100
0000000000000000
0000000000000000
0001000011100111
0010010110101111
0000000000000000
0111000100100000
0011011110010111
0000000000000000
0000000000000000
0001101110001001
0101100000010011
0000000000000000
0000000000000000
0000000000000000
0001000011101111
0000000000000000
0000000000000000
0000000000000000
0000000000000000
0010101010101100
0111100110110111
0110010101111010
0001100000101110
0000000000000000
0000000000000000
0000000000000000
0001101100001000
0010001110111101
0001111011100101
0000000000000000
0000000000000000
0000000000000000
0010111010000100
0000000000000000
0000000000000000
0000000000000000
0011110010011010
0000000000000000
0000000000000000
0010010011111010
0000001110010001
0011000101010111
0001010100010110
0010011100101101
0101111100101011
0000010110111101
0011111011001010
0111010101011101
0010110000100110
0000000000000000
0000000000000000
0001011001010010
0000110101110100
0000000000000000
0110011111101011
0001101101010010
0000000000000000
0100111001000101
0000000000000000
0000000000000000
0101011111001101
0000000000000000
0000000000000000
0000000000000000
0110011100100010
0011001010100111
0000000000000000
0100110010000001
0000000000000000
0000000000000000
0000000000000000
0000000000000000
0000000000000000
0000000000000000
0101011000000001
0000000000000000
0001010100100001
0000000000000000
0011011000111001
0000000000000000
0010010000111110
0100110011000110
0000000000000000
0111001110111110
0000000000000000
0000000000000000
0110010000000000
0111111010011111
0000000000000000
0100000100010111
0000000000000000
0100110010010011
0000000000000000
0000011001011011
0011100100000100
0000000000000000
0000000000000000
0001011111111111
0111001010110001
0000100101010111
0000000000000000
0111001101000101
0000000000000000
0001010110010011
0000000000000000
0000000000000000
0000000000000000
0100001001000001
0001110100101001
0000000000000000
0101110100011100
0000010000101000
0000000000000000
0011011100001101
0000000000000000
0010010100000000
0100011100000011
0110000000110001
0000000000000000
0100111101100111
0000000000000000
0001001000101100
0000000000000000
0000000000000000
0110100100110000
0000000000000000
0000101011111111
0100111000110000
0000000000000000
0000000000000000
0000000000000000
0000000000000000
0000000000000000
0000000000000000
0010000111100011
0100010001100111
0000000000000000
0000000000000000
0101011101011110
0011001000101101
0000000000000000
0000000000000000
0000000000000000
0000000000000000
0000000000000000
0000000000000000
0000000000000000
0000000000000000
0000000000000000
0000000000000000
0000000000000000
0000000000000000
0110101110011110
0000000000000000
0101000101000001
0000001100000011
0000000000000000
0111100100100110
0000000000000000
0110000110010000
0000000000000000
0001010111111110
0001111110110100
0000000000000000
0000000000000000
0000000000000000
0000000000000000
0101000111000010
0001100011100001
0000000000000000
0010010100110010
0001110110001111
0010110111110110
0011010000100011
0000000000000000
0011101001110110
0010001111110000
0000000000000000
0101111111011011
0101000101001111
0000000000000000
0111001011000010
0100101000101111
0000000000000000
0000000000000000
0001101000110011
0000000000000000
0100011110000101
0011001010000010
0010011001011010
0010111010011111
0000010000011000
0011011101101110
0011111000010111
0000000000000000
0100010101000110
0001101010011111
0000000000000000
0000001001100001
0000000000000000
0100101011110110
0011100110010011
0000000000000000
0000111100010110
0000000000000000
0000000000000000
0001110000001111
0000000000000000
0100010101101101
0010111111000101
0111110111110101
0101000000101101
0110100111100110
0011111001101111
0100100011011111
0000000000000000
0011011011001100
0000000000000000
0111010110100100
0111001111001110
0110000100001100
0000000000000000
0000000000000000
0000111110101001
0000000000000000
0000000000000000
0000000000000000
0010001101101110
0000000000000000
0000101100000110
0000000000000000
0000000000000000
0000000000000000
0001110101111000
0000000000000000
0011011000101110
0101011111000010
0000000000000000
0101011100110110
0111000101000001
0000000000000000
0000000000000000
0110011101100100
0000000000000000
0000000000000000
0100100011101110
0000010101001101
0000000000000000
0010101000011101
0000000000000000
0000000000000000
0010010111000100
0100100110111101
0000100001100011
0000001111111001
0000000000000000
0011010011101010
0010011110010100
0110111010101111
0100000100001000
0111010010010011
0000000000000000
0110011010100010
0000000000000000
0001001000010111
0000000000000000
0000000000000000
0111110011100101
0010101001111010
0000000000000000
0000000000000000
0000000000000000
0000000000000000
0011011010000101
0000000000000000
0000000000000000
0101010101001000
0000000000000000
0010101110000100
0011111111000100
0000000000000000
0011011000010011
0000000000000000
0010111000000101
0000000000000000
0000000000000000
0000000000000000
0100000000000110
0000000000000000
0000000000000000
0000000000000000
0000000000000000
0000000000000000
0000000000000000
0000000000000000
0000000000000000
0000001110001100
0010110001100110
0000000000000000
0000000000000000
0000000000000000
0010100001110000
0101110100111011
0000000000000000
0001111011110110
0110000110100100
0000000000000000
0010111010111110
0000000000000000
0000000000000000
0000000000000000
0100000001100110
0000110001010010
0101001000010101
0000000000000000
0010000100111110
0000000000000000
0000000000000000
0001011101001110
0000000000000000
0010000101011010
0000000000000000
0111101010000001
0000000000000000
0000000000000000
0000000000000000
0000010000101111
0000000000000000
0101110010111101
0100011100011011
0001000010100001
0010101110011101
0001001101000100
0000000000000000
0000000000000000
0000000000000000
0001011010000010
0000000000000000
0000000000000000
0000000000000000
0110001011000001
0000000000000000
0000000000000000
0011010011110001
0010000100110100
0000000000000000
0011110010100010
0110000000100000
0001010010111101
0000000000000000
0000000000000000
0101001100010001
0000000000000000
0100010011010010
0101000001001000
0000000000000000
0000110001001010
0000000000000000
0000101100001001
0110101000000011
0000000000000000
0000000000000000
0011100011000011
0000000000000000
0000000000000000
0000000000000000
0010111000011101
0000000000000000
0110100000010100
0101100000001010
0001010010000000
0000000000000000
0100111011011101
0000000000000000
0111001001001100
0110010100110000
0110001111110101
0000000000000000
0000000000000000
0000000000000000
0000000000000000
0000000000000000
0000000000000000
0111111111100100
0000000000000000
0000000000000000
0000000000000000
0000000000000000
0000000000000000
0010001110110001
0110101000101001
0100001000101110
0000000000000000
0110111000100110
0000000000000000
0001101110101101
0000000000000000
0000000001011011
0000000000000000
0000000000000000
0000000000000000
0111111010010001
0000000000000000
0000000000000000
0000000000000000
0000000000000000
0000000000000000
0000000000000000
0011101110000010
0101101111011111
0000000000000000
0011011001001101
0000111000111001
0000000000000000
0100100101001000
0001100001111101
0010101100101101
0000000000000000
0011101010110011
0000000000000000
0000000000000000
0000000000000000
0000000000000000
0101001101111000
0000000000000000
0000000000000000
0101001000000101
0000000000000000
0001001000111000
0110010111010111
0010010101000100
0000000000000000
0000000000000000
0011110110111111
0110100001000010
0000000000000000
0111010001000101
0010011110011111
0000000000000000
0111100100010100
0001101001111101
0011011011110101
0001111100111100
0000000000000000
0011011101111111
0000000000000000
0000000000000000
0100001010110001
0000000000000000
0000000000000000
0000000000000000
0000001110011001
0100101110000110
0000000000000000
0000000000000000
0000000000000000
0000000000000000
0000111100100001
0000000000000000
0100010111101111
0000000000000000
0011011011001000
0011100111000001
0000000000000000
0000000000000000
0000000000000000
0000000000000000
0000000000000000
0000000000000000
0001001000100000
0011100111010011
0000101111110011
0000000000000000
0000000000000000
0100000011110101
0000000000000000
0011110001011101
0000000000000000
0110101010110000
0000111110111000
0010011010001011
0100101111001110
0100010011011110
0000000000000000
0011101011100000
0000001010001001
0011101110100100
0000000000000000
0100011001010001
0000000000000000
0000000000000000
0000000000000000
0000000000000000
0111000010110100
0000000000000000
0000000000000000
0110111101011000
0101001101010011
0000000000000000
0000000000000000
0100001111100101
0110110001110011
0000111110011000
0000000000000000
0000000000000000
0111110111110110
0001111001100010
0000000000000000
0000000101111101
0000000000000000
0000000000000000
0111101010010001
0000000000000000
0101111101100111
0101110110111010
0000000000000000
0000000000000000
0000000000000000
0000001000011010
0000010000100010
0001000110011101
0101110101111000
0010100000100110
0000000000000000
0000101111010111
0000000000000000
0000000000000000
0100010011010001
0101001010001110
0011011011001010
0101111101001100
0000000000000000
0111110010110110
0000000000000000
0000000000000000
0000111111000111
0100101000000010
0000000000000000
0000000000000000
0111110000001100
0100011010101100
0011011100110100
0110110001001101
0100000010111101
0000000000000000
0000000000000000
0000000000000000
0000000000000000
0000000000000000
0000000000000000
0101101111010100
0000000000000000
0011000011100111
0000000000000000
0000000000000000
0000000000000000
0100011001011010
0000000000000000
0000000000000000
0000000000000000
0100100010110111
0000000000000000
0001110101101001
0101000110101101
0100010001110000
0000000000000000
0100011110010001
0000000000000000
0100100010110101
0100011000001010
0110100110001101
0011110001100001
0000000000000000
0000000000000000
0110101010100010
0010010111101010
0000000000000000
0000000000000000
0000000000000000
0000000000000000
0011101000111010
0000000000000000
0010010101001000
0000000000000000
0100100101011000
0010110011100011
0000000000000000
0000000000000000
0101010001011011
0000000000000000
0100101001010100
0001101001110010
0000000000000000
0101001110011101
0000000000000000
0000000000000000
0101010110010010
0110010011001011
0000000000000000
0000000000000000
0111001100101010
0000000000000000
0100111001101110
0000000000000000
0101101110011000
0000000000000000
0100011111101100
0110010010001011
0000000000000000
0000000000000000
0000000000000000
0000000000000000
0110110011011001
0001110010110011
0011100111101010
0000000000000000
0000000000000000
0000000000000000
0000000000000000
0000000000000000
0111110001110111
0000000000000000
0111111110100010
0000000000000000
0000000000000000
0001011100110011
0101100000000000
0110010110000011
0000000000000000
0110101100011100
0000101111110010
0011001000110110
0111011110100110
0111001101000010
0010011100000111
0000000000000000
0000000000000000
0000000000000000
0101001000000111
0000000000000000
0010100010101111
0000000000000000
0001011000010000
0000000000000000
0001001001111010
0100010101001011
0100000001101011
0000000000000000
0100101011011100
0111000100100001
0111110101011000
0000000000000000
0000000000000000
0101000001001111
0000000000000000
0000000000000000
0000000000000000
0000000000000000
0011000010000000
0011001010001010
0000000000000000
0010110011100000
0000000000000000
0101101111001011
0010101110111001
0010000010000010
0000000000000000
0010110011111100
0000000000000000
0100011011111101
0010011111110001
0000000000000000
0000000000000000
0101000001011001
0001100110011110
0111111100011001
0001001100000010
0000111010011111
0101111110010110
0001110010001011
0000000000000000
0000000000000000
0101111010001001
0111000000000100
0000000000000000
0001001010111110
0101011101101000
0000000000000000
0010001111100010
0000000000000000
0101110111001011
0110100110100011
0111011100010001
0011110011101111
0000000000000000
0000000000000000
0110110000010010
0110111111010010
0000000000000000
0000000000000000
0000000000000000
0000000000000000
0000000000000000
0001111110100010
0000000000000000
0010000111100001
0110100010111011
0011100001010001
0000000000000000
0110001011110000
0001101000000100
0110011100101011
0000000000000000
0111111101100000
0000000000000000
0000101111011110
0111110111010000
0000000000000000
0000000000000000
0000111000101011
0000000000000000
0111101111000000
0000000000000000
0100101010001011
0000110111100000
0000000000000000
0001100010001110
0000000000000000
0000011000001001
0011110100011011
0110100111001110
0111010001010101
0011100010001111
0000110101101001
0111111001100101
0001000011000101
0101010111010000
0000000000000000
0000000000000000
0101100010101011
0010000000110111
0101110000111011
0000000000000000
0000000000000000
0000000000000000
0000000000000000
0000000000000000
0100000101011101
0010101000000010
0011001010001111
0000000000000000
0000000000000000
0000000000000000
0011100111000110
0010011101111001
0000000000000000
0000110100011000
0111001011000010
0001000010100000
0000000000000000
0000000000000000
0000000000000000
0001101111111110
0000000000000000
0100010111100110
0000000000000000
0000000000000000
0000000000000000
0111111101001110
0101101000001010
0000000000000000
0111010011111000
0011011000010000
0110001100000010
0011100000110010
0000000000000000
0000000000000000
0011011101110011
0000000000000000
0001101000001000
0100110100010100
0000000000000000
0110001001010010
0000000000000000
0011101011111111
0100101010001000
0010110001101111
0000000000000000
0000000111111101
0001011000110001
0000000000000000
0000000000000000
0000000000000000
0000001110101101
0000000000000000
0000000000000000
0111001000111111
0000000000000000
0101111010010111
0010111000001010
0000000000000000
0011111000000010
0001011111001101
0000000000000000
0010111110001001
0000000000000000
0100101000000110
0000000000000000
0110111001100001
0000000000000000
0000000000000000
0000011001100111
0000001000111101
0000000000000000
0000000000000000
0000000000000000
0000000000000000
0101011110110011
0000000000011111
0000000000000000
0011000110000001
0000000000000000
0000000000000000
0000000000000000
0010111101111100
0101100100010100
0000100001000000
0000000000000000
0000000000000000
0000000000000000
0000000000000000
0000000000000000
0100100010011000
0000000000000000
0110001111111011
0000000000000000
0000000000000000
0111010111000111
0000000000000000
0000101101011110
0000000000000000
0010011111100001
0000000000000000
0000000000000000
0011011000100010
0000000000000000
0000000000000000
0000000010100111
0000000000000000
0100100010000001
0101011001100001
0000000000000000
0001001101101110
0001111101000000
0100011100001101
0000000000000000
0110101011001011
0001001011000101
0011000010000011
0000001011110000
0000000000000000
0110101010000100
0000000000000000
0000000000000000
0110110011000001
0011100111010011
0000000000000000
0101101000000011
0000000000000000
0000000000000000
0001101010001111
0000000000000000
0000000000000000
0000000000000000
0101111101111010
0111000000011101
0100101111001000
0010110100100111
0000000000000000
0000000000000000
0000000000000000
0101001001111110
0000000101000010
0011001011001001
0000000000000000
0010011111011001
0000000000000000
0000000000000000
0010010101000101
0000000000000000
0000101011001100
0100111010100010
0110100011011000
0000000000000000
0001101011001011
0000000000000000
0000101000000000
0000000000000000
0000011000010110
0111110100110001
0000000000000000
0000000000000000
0000000000000000
0110011110101001
0000000000000000
0011001000000011
0000000000000000
0000000000000000
0101001000110111
0000000000000000
0000000000000000
0111100110111100
0000000000000000
0101100000110100
0100110000000000
0111101000011110
0000000000000000
0000001000001011
0000000000000000
0000000000000000
0101100010000001
0000000000000000
0011110110100100
0000000000000000
0000000000000000
0000000000000000
0110100000111111
0000000000000000
0000000000000000
0001110101111011
0000000000000000
0000000000000000
0011010100010000
0000000011111101
0100110001101010
0111111100010111
