1001111110011110
0001001011111010
0101101110111010
0111100001101100
1011000001100101
0101010011011111
0111010001010100
0100110100110110
0010101011101001
1011000000101001
1011000100001011
1111101110110110
1000000011011110
0000111001000110
1010101001101000
0100100101000111
1110011100010110
1101100011110111
0110111001000110
0000100001111110
1000010000011001
0101111100000011
1101111010001010
1001001100110011
1100001111010000
1011111110101110
0011001111010110
0101000110010110
0111001010111011
1100001000001100
0100011010101101
0110110000111001
1011101110001101
1111101011110100
0110101010110001
1011001101001010
1010001010100111
1000000110100110
0110101111001100
0111001011001110
0110010001011100
1011011000001000
0001010101011110
1110001111101011
1110010001111010
1000000101100011
1100101100010101
1111100100011101
0101001000001011
1000111001000111
0011000011010110
0000011110000101
1011101110101100
0100110000110100
1101101010000001
0010000110101110
0001001110000111
1110101111100010
1101110011010001
0100111101110011
0010101000111000
0111010000000101
0001101010011010
1101101001001101
0000100011101111
1000010001000001
1100010101001011
0010110110111111
0110110110000110
0000001100001011
0011101101111010
0111101100010100
1000001110010100
1001011100110010
1111001110000011
1111000000000001
0110101110010011
0100011101011101
0111001111100000
1000000001110101
1110010111100010
1010010101100100
1000010101110011
0111011100100000
0011001111001100
0011100100000100
0010100100011010
0100101101100111
0100111001011000
1001011110110110
1100100101000100
0110111010011010
1111000111011000
0100100111100100
1110000011110101
0000001100100110
1100001101000111
0101000010110010
1101001100001010
1000010100001010
1100111111110110
0101010011000000
0101010101001011
0101100110010011
0001110111011110
1001010111110001
0011110110111001
1100011001010110
0010001000110011
1011001011000110
0010111101111100
0101011011101101
1010001001110100
0111111101110110
1011101110001001
1011011110011010
1110011000000101
1110110011010101
1111111100000110
0011001101000000
1100000010111000
0000110001101011
1010001111100000
1001110011001110
0011100001111110
1001011101010000
0110011010101001
0011110010001000
1100110001011010
0011000011110111
1101100000001100
0001111010100010
0101010000001000
1011010001001111
1101001101001010
1100101100100000
1101110110101111
0110001101111101
1110101010111110
0001100100110101
0111101001110001
0000101100111100
1100010011000011
0011110110101100
1011111110100101
0001101011011001
0010011000010010
0011100001011100
1001001100001001
0010010011010110
0000100110101101
1110011101000010
1011001011111100
1101010101000001
0100011010010010
0111011000011001
0001110111110100
1010100011000010
1010000100101010
1000001100011000
1111100100110110
0101111011001110
1011111011110010
0010101011000011
0100100111001110
1101100100111100
1000100010111011
1111001000101111
0011111011000100
0110001100000100
0011011110101001
0100100001000000
0111001000001011
0001011000011110
0010010001100011
0000011110010101
0011110111011011
0111110001001111
1101000010100010
0001001110111000
0011111101000110
1000110010010101
1101001011010000
1101110100100111
1001100010111011
1110100010001111
0010001110011011
1001101010111010
1011101001011101
0101100110000100
0010010010001000
1111000101001111
0111000101110111
1000001111110100
1010111110100001
0110110000011000
0010011011010100
0000110000111001
0101001011001101
1101000101111101
1111000011101001
1010101001011110
1101100011010011
1001010011111101
1101110111001011
1111111110100000
1111110100101111
0011100111100110
1110110010111100
1000110100101000
0110000110101011
1101111010010010
1011111001000101
0000000101110001
0010001111101100
1010110001101000
1011000110000101
1101001110111000
0111001011111100
1110010001010011
0001100111101110
0110110101010011
1010101110001011
1110001011010000
1110101001010001
1010111001000100
0010101101000010
0111100111011000
0110101011010101
0011000000111011
1000101101001010
0011001110011101
1010000011101101
1110100001010001
1111010101111110
0110101110010010
0010110001111010
1101110001110011
0111010100110100
0100010111010101
1011000110100110
1101011010010010
1101011000111111
1010111110011101
1111000000001110
0001011110110110
0001010001001010
0001011010110110
1111001110110101
0111101011001100
1001101011010111
0110111110011001
0110011110011100
0010101100101000
0100000100110101
0010010111100010
0100100011001111
0010001101011010
0010011011110011
1000101100100110
1010000010101010
1001110111100000
0001000001001111
1001110000011010
0000001000100101
0011100010010100
0100000100111111
1001111011010000
1101100010100110
1000101110011101
0000100011101101
1101000000111110
0011111110101010
1101011101000001
1111000110100010
0100111111011011
0100010011011011
1100011001001111
0000110001011001
1010111110011001
1001100100000111
0100111100101011
0100010000011001
0001001111011111
1110111101011001
1111111001000100
0111010011100100
1000111000001101
0010000000101011
1011111100110000
0010101000110011
0100001111010101
0111100011101000
0110101101110100
1010010011010010
0101010101101110
1010010001101010
0010000111100101
0010000001000111
0100110010111100
1011001000100101
0111001111010111
1111010011100001
1001111011011011
0111010001110000
0100111110101111
1011100010010011
0011010111010000
0001111010011111
1011111011111000
1100101101111011
0100001110010100
0010010001100011
1111000110011101
0001100100110010
1110010111111010
1110001010101010
1010001010110101
1111010111010110
0010001101011000
1000011000000111
1111100111111110
0011101011011000
0000000011011001
1011011111011100
1010010101001000
0101111100010100
0010110110101110
1100100010010001
0100111111000010
0111010100110011
1100000111010100
0101110101110001
0101101001010100
1001110101110011
0100001100010000
0110001100111010
0100111000011001
0001100101101010
1000111001011101
1101010011001001
0100000011111101
0110100100111011
1010001001000011
0011001101010100
0011101011001111
1010100100101001
0000111011100001
0001110000000001
0111001111100100
1101100000011001
0000010110111001
0111111011111010
1011011001001011
1001000010011101
1000110010000010
1000101001110110
1010100111011110
0001000111100001
0100000100000111
0110010010100000
0101010110000100
1111111111111001
1100101011011001
0101001110010010
0001100001110110
0111110011101001
0100101111100100
0101110011101001
0111111100011110
0101000111001011
1011101101101011
0001101010101110
0001000101001101
0010101010011110
1010000100001001
1001100110111011
0000001011111000
0101001000000101
0111110001000110
1110011100010110
1101011010110110
0100111100100000
0011111001101011
1100011001000010
0110101110101110
0010111110010011
0111100001100010
1110101101101101
0110100100010110
1110001100010011
1110010101101111
0110010111011011
1101101111001000
0000110111110010
1011111101110111
1001111011011100
1100001111100001
1111111011001011
0001011100101100
1110111111111101
1100010011000100
0101010011111011
0110000011110101
0111100000101000
0001100010101011
1100000111011100
0101101010101100
1111101011010101
1010001111000110
1001110001001111
0101001101001010
1001001110000110
1100001101101111
0100001010001101
0010110010100010
0101111001110110
1001001001111000
1010000111110000
1110101000000110
1001001010110011
0111010000010000
0101011000101000
1100101101100110
1001010111100010
1011101010010001
1010101000010101
1100000100100010
0101010101110010
1010011011010000
0000001110011010
0110001011000101
0111000011010011
1111101101110101
0001100001111010
0100110111111010
0001000010010111
0001000110000001
1111111000000101
1110101011110001
0111000001010110
1001100000111101
1101100010010011
0100001110010100
0000110000100011
1011111100000000
0111100111100010
0100010111111000
1100110111000011
0101110110011100
0111001101101010
1110110010111111
0100111010110011
1110000101100100
1100100010000010
1001111100101101
1100011010111001
0010111101100101
0100100110101111
0001010011011010
0001000011011011
1010101010011010
1011101010101001
1100010011111001
1001111010000101
1101001100101101
0010101101010010
1100000111111010
0110000001011111
1010010100101111
0000110100011101
1100010111100010
0000000010001101
0110000111011110
0001010111110010
0101011000001010
0000101111101001
1000010110101000
0010000110110011
0011000010101100
1101011100011100
1110000111001111
1101011010001110
0010111101011100
1110000100111111
1111101001101000
0000010010110101
0100010101101101
1010010010110010
0110111010001000
1011110010100001
1000100101110000
0000001110101000
0010010001110110
1111000111001010
1111010111101010
1010100100011000
1111111100100110
0101111011101101
0000111010111100
1001000110010001
0111010101010100
0001110101001011
0010110010101111
0111000011100011
1111010011111101
1011000010001001
1110011011111011
1110100010110100
1010100100110000
0001100101100111
1010100100100001
0011011111110000
1100111110100110
1110000010100001
1100111111101111
1110000001010010
1000011110001011
0011110111111100
0011110110010100
1110100001000111
0101001100001010
1010101010111101
1111011111101001
0010110011001110
1001011010111001
0000001001001101
0110111100010010
0001010101100100
0001001000000011
1100000000101000
1101110100011000
1110011010000101
1100101111010111
0111100110011111
1010011101011010
1110101001011111
1111100111001101
1111001000001000
1000010011011110
1100100101010111
0101100000100010
0011100101010111
0100111110001011
0001100011101111
0111000001100100
1001010100110111
0010100101000001
0011101100000111
1110111010111101
0001000000110110
1100110100110000
0010011010100001
1011101010100100
1001000101000101
1001001100100100
1011110111010100
0111100000001110
1100110110111111
1111100101001101
0011010000001101
0001100010011101
0110101001111100
0101100010011000
0001001100000010
0110101010100110
1011011110111111
0111011010101101
0001110100010000
1010111001001110
1011110010101100
1001101011101100
1111111101100010
1111111001110101
0000000111000001
1001110111110011
1001001101011001
1110111100101100
0100000001101010
1100101010011001
0000100001011100
1100101100111011
1100000011011011
1001010011011111
1110010101101011
0011100100000111
0001111111000001
0101101101011111
0000000000100010
0000101010000000
0100111110101100
1101001000011111
1101100101101001
0011000101111110
0110111110011110
1110011001110111
0111101001111100
1011011100001001
1111101000000111
0001001010010001
1100010111100010
1001001111111100
0010011010110001
0110101001101000
0101110111001011
1111011011111101
1000011001100101
1010110000101011
1000011000110011
1000110011100111
0101101000001110
0100000011001110
1000010000000010
0000111011110010
1101101110011001
0011001010010000
0000011000000110
1100000001100101
0100101010011011
1011010110001011
1000000010001011
0100111001010101
1110100110111100
0110110011011010
0001100111001100
0110001100010000
1001111010111101
1010100100011100
1000110111010101
1000100111110011
0111001000100000
1011010101000011
0001011101011011
1011100011101011
1111100110110000
0100011011101110
0010001101101010
0101101000010111
0110101000010001
1110101001111110
1110101011011011
1000110000110110
1100001101111101
1001111101111111
0001100011001010
0010000111100010
1011001011101110
1000110001100101
0011111101101101
1000010000011110
0000111111001111
0010000100010000
0110111111001101
0001110001101110
0011001101110000
1010100111000101
1111110011011111
0100111100000010
1011001000111011
0110011110111111
1000000111001001
1011111101100100
0010001011101110
0110001101011111
1101111110110000
0011011010000000
0001101100100111
1110111111001011
1001101011000011
1101100011010101
1010000101010100
1011001100101001
0100100100010101
1101111011011000
0011101110110010
0111101111011111
0110000010010010
1001000001101010
0010000011010001
0001110000100011
1000110000111010
0001000010010111
1110101110010010
1011011101100110
0111110011111010
0100000010001001
0111000011000010
0010000001000000
0000001000011100
1110001001101100
0010010001010010
0010011101000100
1111111101111001
1011010100001100
1010100011000100
0010100110111000
1001101000100001
0100010110000110
0010110100100011
0001101111010110
1000000100010001
1111000000001100
1010101101001111
1101010011100111
1100011000101011
0101010111101101
0011011110101001
0110101011010000
1110101011000001
0111111111100011
0001000001100111
1001111110101011
1001100000011000
0101100111101001
0111000101011101
1111001011010000
1101001001010001
1110101111010100
0011111101101111
1100100101001111
1101010000110010
0001010001110100
0101010001011110
0011110100000101
0100001000100011
1111100010101110
0011001010011101
1110100001001101
1111000000001000
0101111001110001
0010101000100011
0010111000001001
1010000010110001
0100101111010110
0010111100011100
1101011101100001
1101111110001100
1000100100011111
0110001001010100
0000011010101011
1001000000010100
0110011110011101
1001110001001000
0010010111001111
1011111111111110
0000011000100000
1110101010001001
0100101101011101
0111000110111011
0101111000100001
0101110010000100
0100111101110001
0010000000010010
1001001100001010
0100111010100110
0001101101100000
1100100001010111
0001010110011110
0100110101001101
1110100101111110
0010001111110000
1001000111011110
0100110000000101
1001011100001100
0100011110000111
1000100111001001
1110010110010110
1100010111100101
0011001110001100
1100111100000100
1101010000110101
1001101011010100
0000100111010011
0011010100010010
0111110111100011
0001000011001100
0001111100010010
0010111100000011
1101111110000010
0001010000100101
0101111000010000
1111110101101001
0010100111110101
1010000110101101
0110100110111100
0010100111100111
1001000110100011
0101001101110100
1100010010001111
1001010011110000
0111110111110010
0010101001111111
1010101111100110
1111101010011001
0000000101000110
0101111100101010
0000111101100010
1011110111011100
0011101011100111
1101111111001000
0011011000010001
0100110001001110
1010011011001001
1110100100000101
0000010101100110
1100001100011010
0001111101100011
1001100100011000
1111011111001010
0000111010100011
0101001100000111
0100110110111011
0011010000000011
0000010001110110
0100101001111010
0011100110000000
0000010001011011
1010111101100011
1111011000111011
1101101011010111
0001010001110011
1100000000001001
1010011100101000
1110010011000011
1001101000110011
1100000110100010
0111110100101001
0111101111010011
0101101001001000
1101001111101011
1011111111111001
1110011000000011
1101010010100011
0110101100101010
0110101101110111
1111011100000110
1010100011110110
1001010101100011
1100001100100100
1001101010011110
0011101010110111
1101010001000011
1110100110001011
0101111001000111
1010110001101010
1001011011011001
0001011111000000
0100001110100101
1000101100101011
1101110000101000
1110111001000101
0111110111111000
1110001111100100
1001010001101101
0011110010010011
0010010000100001
0000111100010110
1101101011000110
1011111011110100
1100101101110110
0111000101111011
0101110011001110
0101100100110101
0100101111110010
0111100010101001
0001000010000100
0111101101000010
0011110101111110
0000110110011001
0111101001111011
0001010010011000
1010110101111100
0001101100000110
0000010111010001
0011110000000101
1001000100101100
1001001110000001
1001111000000100
1101101011011101
0000100110100000
0111000101000101
1101010101001101
1100010101011101
0111100000001111
0010011110100110
1010011100100100
1101011011101101
1011010111001100
1011011101111111
1111101010010101
1110100101001011
1110000110110100
0011100111011111
1000000010111000
1110111000110101
1010100101011111
0100100011000011
1010101000011101
0001100110010100
1011010010111111
1111011100011111
0100001011011101
0111001101010011
0111011001010111
0011101110010011
1000011010000101
1100110000110100
0101001000101100
0110100100010011
1001011111001010
0000111110101010
1111110000001001
1001100111101111
0111011111100001
0100101010001001
1000010111101111
0110001100101000
1110101111111100
0110110111110011
1001111101011000
0110100110010001
0100011100101110
0101100100110000
0110100110110000
0010001111110010
0110010001100101
0110101000100111
0010101101100111
0011010111100001
0100110101000110
1001100000110011
1101001100100001
1011011100000101
1011001000111000
1010001010001011
1001110011110110
0001001001000011
0011111010000010
0010110100110001
0001000001000111
1000110110101110
0110100101001110
0001110011010100
0110001100111111
1100100111101010
1101000100110000
0001001001000111
1010101011011101
0010100001100000
1101100100001010
0100100100111000
1100000001000001
0101100010111010
1011000100101010
1111000110100110
1111101100010001
1001100100101111
1111110000011101
1001000100110111
0110100101001111
1100110010011001
0101011110110110
1001010011010110
0110011101010001
0111100111000110
1001011110010011
0110000101110100
0111101010111010
0100000000010101
0011001001111101
1101010100110011
1101100011110000
1010000110010100
1111001101100001
1111111100111010
1000011101010010
1010100100011010
1011110101011011
1000100101100000
1110100001101100
1000011100011000
0101100001100011
0100010000000111
1000101111001101
1010110111000101
1000101100110000
0010100101000010
1001100110100111
1101000100100101
0101000101101011
0011011000000001
1010001001000101
0110100111111000
1100011110011100
0101000110100001
1011110000110110
0011001000111011
1000101000000110
0000000011101010
1000110110100110
0110000001111111
0100001001011000
0101100001010000
0111000100000101
0111110001000000
0100110011001011
1100001010011010
0010100001100110
1111101010011011
0000010101111101
0100011001111011
1110111101000001
0111110001010101
1001111011110011
1000001101110001
1011101110010111
1110100010110010
0101101001001000
0011100010111001
0000100100010010
1011111110101111
0110000100010101
1100111110010010
0001101110000111
1110100101001000
0110100110001100
1011011000010101
0111101001010111
0100100101000011
0101011000010111
1100111001101111
1110111100111111
1100011001010000
1001111100100011
0011111100011100
1111001010000010
1000101110100001
1011000001101001
0001010101000000
1111010000101000
0100100001001001
0010101100011010
0001101111110100
0100111111001111
1110111011100111
1101110111101110
0111011110000100
1101010110101001
0101011101110100
1010101110010110
1110010000101011
0111101000101001
0010000100000001
0110001101110000
0111101101100000
0000101111101000
1100010100111110
1000100100011001
0010000001101011
0111001101000010
0010010000110010
1111110000101100
0110000000010111
0110001011010101
1011011110001111
1101101000111110
1000000001111010
1001101111111100
0011001001101111
0111101110000111
0001111011111011
1011101001000111
1110011100110000
1011001000010011
1100101000001111
0100111100001101
0101100111010100
1001010011110101
0000000010100000
1100001111100110
1100110010000010
0100011101110101
1111000011011111
0111101000101111
0101000001110101
0001100001000101
1001000100001101
0110110010111110
1111010000010001
1001101001111000
1101111000000000
0010111100011011
1110100101010110
0111010100100010
1000011000100011
1001011000111110
0100101111010000
0110000110111011
0100101011010010
1111100001001011
0010000001000010
0101100010100101
0110010110000100
0010100101111101
1011100001010111
1011010011110110
0111011000101001
1100101010001110
0101010001001010
0001010110101100
1111000010100001
1011111010010101
1111111101010011
0110100001100101
0011110111001001
1100111101010011
0011001010000010
1101001101011110
1010111100100101
1100001110011001
0101011100110011
1101101011011101
0010001110100111
0110100001010001
0000101100011010
0001011011011101
1000100100010111
1101010000011000
0101010010101101
0010001100001010
1010001111010101
1111000110111011
1101000111101000
1010110110001110
0110110110011101
1000110101110100
1011010110100011
1000010110011000
0111101111111000
1110111011110110
0100000110010000
0100010101010010
1001010101100101
1011000101110001
0001100001101111
1111111100100001
1100001011011101
0111000011000101
0100110000001000
0101101011011100
0001111010110111
0100010001010011
0010100000101011
1000110011000011
1111100010000011
1011101000100010
0000000000100101
0000010001001011
0010101000010010
1000011111110100
0001100010110110
1111011010100100
0110100010101111
0100000111110110
1100001011011110
0011001011010111
1110110110110011
1110100010110101
1101001001101011
1001101011011111
1000010100001111
0001010111001111
1000101011111010
0001110010100110
0000101100100101
1110110110010110
1110010111101000
1010001101001000
1101001110101101
0010101011011010
1001011000101101
0111011000110111
0011000110010011
0010001110111011
0100100011100100
1101011011000010
0100011111100101
1111111111110010
0100111001101001
1110000001001110
1111100110010110
0011100100110000
1010011010001110
1010110111001011
0010110001000001
1110110110100101
0100000101011000
1000000110000110
0100101111011101
0110010101111111
0100011000011111
1101000100010000
0111111110110101
1111001011001001
0010111001010111
1000010101110101
1111100111000011
1010100011111011
1010000001011101
1010110011100010
1101001101010010
1100111001101011
0010001101111101
0000111010111101
1100010111110000
1000110100000110
0010101011100101
1111001010001000
1110001111111000
1001100001100110
0111101110100000
0100101010011111
0101101110101000
1000111100111000
0111111101101010
0100101111101001
1001100000110101
1010010010101110
0111101011000010
0101010011001101
0111110100011010
0110010110001111
0110101111111111
0000011000101001
1101001111100011
1001011110001000
1001101111100011
0110101011001001
1111111010000000
0001011111111111
1110011011000010
1111101000111010
0001101111000101
0101111100110111
0010111011001001
0110101010000100
0011101110001000
1111000101000111
1011111101111010
1100101110000101
1100010010001001
1000011111010101
0010001001110000
1000100011001011
1011001011100000
1101100011011110
1111100000010000
0111100011111011
1101111100000011
0100011111111110
0100011100111011
0101001111011010
0001010011110001
1011101110101011
1011001010000110
1110101100101110
1100001100100111
1000111001011110
1010011001011001
0001100000111101
0100101100010010
0101100111001101
1110000110011010
1110010001100100
1100101100101000
1001010000010101
1110110010011111
0010001111100111
0010111001011000
0110010011100100
1011100001111001
0101100101101100
0100011001101011
0010111001110100
1011100101100100
0000100111111100
0011011101010010
0111010010001100
1010001101010001
0001111011100000
1100011010010100
1110001110010011
0000111000110100
1101000110110011
0111010110010010
1111010011101110
1101010101000101
1000011010001101
0111001011010101
1010100001010000
0101011101000101
1010100110100000
1000111010110111
1011110111101110
0111111111111111
0101010001010110
0100011000101101
0101010000101011
0110010011000011
1010100110000000
1110111011110000
0110110110011110
1011110011111010
0101010110101010
1110011001001101
0100110101010111
1011110100111010
0110001001101101
0000101001101111
0110001000110010
1110100000000000
1101011010100011
0111101111111101
0110010001000100
0010101001001000
0000000110100001
1011111011001011
1110010101010001
0110110100010101
1110010101101010
0101110110100100
0101101011011011
0110111010101100
1110101110000111
1111101001111110
0101111100001010
1110110111010111
0111001011011111
1111000010110001
1100001100100000
0101011001101111
0100000000000100
0001111011110001
0001001100011010
1000011111011010
0001110011011011
0100110101111100
0010011011000111
1101001101001000
1001110111000011
1100110011101011
1000110001010011
1000000001011101
0100100011000111
0000000111101011
1001111111011001
0100110010100100
0111101001100100
0000111001001100
1001111100010011
0100111011011001
0111001100011100
1000000010100011
0101001111100100
0101100111111010
0000101001110100
0100111000110100
0010100010101011
1111110010010100
0111000110100011
0010010100011111
0101010111001011
0010011101111011
1011100010000100
0010000011011000
1110001111111100
0011000111101110
0110100111010011
1000010111100010
1010000111011111
1010001001100100
0111101110011000
1110110110100110
1010110101001111
0111001001001001
0100110100100100
1110111101100100
1100010101101001
1100101100110000
0101101101000101
0101101100110010
0100010000000111
1100010000110101
1010111111001111
1110011001110100
1100010010100001
0011100110101000
1101101100101111
1000010100101101
1100100111101010
0100011111001100
1000100110000000
1110111100011001
1001101101110011
1110001010100001
0110001111111100
1111010000111010
1101110111000001
1111001001011100
0000010101110101
0101001010100000
0110100100110000
0101010000010011
1100010110000100
0000011010110000
1000010100110110
0101110000110001
1110110111011010
0011010001110011
1000011101000010
1010000001011011
0100011101111111
1101001110111010
0010101000000010
0110011110110011
1110101110110101
1110110111101110
1010000010110001
0001011111110011
0000110010111010
1110011001001001
0100000001111110
0100101100101010
0111110110101001
1010111101100000
1001001000010101
0010110100111110
0001111011011101
1101011010010000
1110110000011100
1000010000111110
0100100011010101
1001010111001101
0100111010011111
1111111000001011
0011010011111110
0110011011010001
0100111001010010
0110110100001001
1011100010011110
1101011000001110
0011000100100100
1101101011011010
0010011101101111
1101001111100011
1001000001011110
1001000001010000
0100000110000011
1110111001000010
0011100110110100
1100010000000111
0011100101101100
1000010111000110
0110001011011111
0111100100011111
0010010100100110
1001011011001100
0110110100110111
1001011100110100
0100110010001110
1110100010000000
1100011100100011
1010101001100011
0011110000100101
0100001100001100
0100010011110101
0001110011110111
1100110000001011
0101110100011011
1100001100000110
0101010110111111
0101111101011100
0100101111011011
0101010001101101
1000000101101100
1110001011001010
1001011010110001
0100001100010101
0011011111010100
1010001101011111
1000010001001011
1010011110011010
1010100000010110
1011000100110100
1101100010010101
1001010001001110
0100100111111100
1110100001111010
1001110011011100
1101100001101100
0001101101000001
0101000101111001
1011001101001101
1101100000100001
1001111000110111
1011000010011110
0100010111011111
1101000001010010
0100000010100100
0001011110110110
0100000111100000
0010100111100100
1110001010101110
0111111101111001
1110101010110111
0111110101001011
1001010010110001
0011010010000001
0100010110001111
1011101001100100
0110001001100101
0010001101100011
1101000111001000
1011100000100000
1100101001010101
0111110111100100
1101010000011111
1000110101101001
1000011000010000
1001111010011010
0011100100111000
0100111011011000
1110010011000100
1011111010000101
0110110111111001
1001101001010011
1011101111100111
1110011011010101
0101110011100011
1100000000011000
1010011010111100
1011000000001101
0100011111110011
0000100111111100
0111110011101010
1001010110101010
1100000101110111
0000110010100001
1101001000001001
1000101110110111
1010010100011001
0101100001001011
1000100010001011
0110111001101110
1111011110000111
0010001010101110
0100110101100110
0000010101001111
0011000101010010
1110101110011110
0010110000111111
1001011110111000
0100000111001110
0000100000101001
0101100100010111
1000110010110101
0100110111010110
0000101111101100
0001010010000000
0000100101000101
1111010011111001
0111111001001011
1100000010001011
0111110011000010
0110110001000101
1110110100001101
0010010100101110
1101110010000000
0100010001000001
1100101010110000
0011000100011110
1111010010110011
0101001111111011
0011001000000001
0010010100100101
1111101010111001
1111011010101011
1011001001010110
1100101000010101
0101010110001000
1111100111001110
1011100110000101
0110000100011010
1011001011110101
1010001111000110
0011101010100011
1011110010110111
1100001101001111
1110001010111111
0111010011010101
1110110001000010
1001010011110010
1101000111011100
0111000101111001
1100001100010111
1101000101010100
0101110011011111
0111111001000101
1010110101000100
1010101101001110
0100010001011001
1111001101100010
0000101001011010
1111010101010100
0100101001111101
0000011110111000
0101101110101010
0011111100000010
0010010111000110
1110111110110000
0010101000111000
1101111011111000
0010000111101111
1111000100010101
1111000110000101
0111001001011110
0010111010000110
0011001110011110
0110110000111110
1100000001110100
1011110100011011
0010000110001011
0011000101000111
0100101000111101
1110010010001011
0010110010110001
1011111011001011
1111000000000011
1110001011111011
0000001010110000
1110010010001101
1000100111100101
1110100110110111
1011110111110010
1010101011101100
1000101100110100
0000000100000010
0001101011000010
0000011010010011
0101010100101011
1011101010111101
0110111111101110
0100110000000100
1000101001101000
1101101011010111
0110101000111010
1111011110011110
1000010100001111
0110011000001011
1101110101001101
1011100100110101
1100000111011101
0010111000001111
0110001101100000
0101101010001011
0111000001001100
1100001100001000
0011111100110101
0100011011001011
1001010001011101
0100100101110000
0010000000110010
1111000010011011
0111101000100111
0101110010000010
0101011111000010
0001001000100100
0111010101101110
0111001111101101
1111100110111001
0100000100110110
1110101001100010
1100101101111011
1110111110110000
1001101000000000
1100010001000011
1000110101001111
0110101101011011
0100101001110011
0000000000101001
1101110111101011
1000010010001101
1011000101011101
0000111111111111
1110111010110011
1000110110111110
1101001110001100
1011000001010010
0111101111111100
0110011111000010
1010010100011000
0000101000010000
0010011001111101
1010100111110101
0001010010111101
1000011011011001
0100101100010000
1100110011100001
1101001001011111
0101000001101111
0110100100010111
1011001011001110
0001101011100001
0011100111110101
1111100110110001
0100101100111010
1100000000111000
0101011000011000
0110110101000111
0101010110001010
1101010111000110
1100110011010011
0101011101001011
0111000110000111
0010101011111110
1101011110011011
0111101101000000
1111000010001001
1011011100101011
1011111111001001
0101001001111100
1101011000110101
0011011011100100
0111010010000000
0111001011011011
1101010010100001
0010011110110001
1000010000111100
0110010100110101
1110000101111001
1010010100001010
0001100001101110
1110010101000010
1110010001011100
1100000111011100
1111000011001110
1011101011010100
1011001010100100
0110110000111101
1010011101111110
0001110010101001
0111110110100101
1110001011101010
1000010110110011
0100011101000000
0000111110000010
1111000100010000
1101001100011100
1100100001100011
0101110011100110
1100011001011100
1100111011110011
0101111001100001
0001001010101110
0100101110011100
0101111000001100
1011111010011111
1010010000100001
1010010111111001
1111101111010100
1111010101110010
1001110110110101
1111001101001101
1010001011100111
0000001011000010
0010010101010101
0000111000111010
1101100101000111
1101111111111001
0000000001100111
1011000011111001
0000110110101110
1100011000001100
1100001000101011
0100010010000001
0000011001100011
0110110001100000
1010101101101001
0000000110001001
1000011010100010
1110111010100011
1010000010000100
0111110011000011
1001111110111101
1111011101110000
0010100110111000
1001101011001001
0011111100001111
0001101100011010
0011010011011011
1101111110001011
1100101101100111
1111001111000010
0011000101100101
1010110100010110
1011010011110111
1000101010110100
1010000000010100
1111111101100110
0110101110110010
0111011011001010
0001100010000111
0111101110110001
1100001000101100
1010100010011000
1110011000011011
0011111110101101
1000000101111011
1011100110001000
1001000110101010
0101110010001010
0011000000100101
1100111111000000
0110100001010010
0000100010001001
1100001001000100
1100100101000000
1001010000011110
0011001101101001
1101111101011010
1100000011111001
0000110111110100
0100101100011001
0011010011100111
0110110000110110
1010000111001100
0101010011101001
0010011010110101
1101101000111010
0100001100000010
1011000001100111
1000100000110100
1000100000110111
0001100100100010
0001110101111000
1101010001011001
1010100001110110
0111010100001001
1011111101000101
1011000110110000
0001110010010010
1111101010101100
1000111100110010
0101101110110101
1001111000100001
1010001010100000
1100100111011001
0001001000010010
0100111110111110
1100000101000010
0000010011000110
0011011101111010
1101110011101101
0010111001101110
1010001001010011
1000001001100001
0111110111111101
1011010000010110
1111001000101001
0000010011111000
1011011111000011
0110101111110100
1001111001111011
1100011001000101
0000001001100101
1011111010100011
1011011011010101
1110111001011011
1111010001000011
0110010010011011
0000000011101011
0111010001001111
0111001100000001
1010100011100000
0101100110111000
1011001000110100
1001101000010101
0000000111111100
0110100100000110
0111101001110110
0000001000000010
0000111100100110
1111011110100011
1111000111101111
0111011110010100
1110111000001110
1000100110101010
1001110000011100
0000110011111110
1010110100000100
0110010011101110
1100110100011010
1011011000010000
0100110100011011
0000010111100110
1110100100100110
1011100010101110
0110011101000111
0110111110111001
0100010001110110
1101011101101011
0100111001111110
1011110000011110
0111001101101100
1000011111001110
1110110101011100
1000000100001000
0100101001000010
1010110001111010
0010001101101000
1011111001101011
0100110001111100
0101110001110111
1110000100010010
1111001100101000
1001000111010011
0001100001111001
0011011001001001
1000111011010000
1011000001111101
0001110011000010
0000001111000011
0010101110110101
0010011111111101
1101110100100011
0100111111000111
0110001100011100
0010110010110110
1111011010010110
0110000010011111
1110000010111110
1111001000010101
1001111101101101
1100110001100000
1111110100111010
1011101111100111
1100110110000111
1000100001000001
1011011110000000
1111000011001100
0011101000010110
0001011011111110
1111010111111110
0010100111000001
0010011100110100
0010110110000000
0101110101000111
0110110110000101
1010101110100011
0001001111001000
0110010111010110
1101110010000110
0110101010111001
1001100011101111
1101000101011011
1100110010110110
0100101100001111
1011001001110111
0001101010011100
0101011101010011
0010010100100000
1100111001110010
1010100100110010
1011101010000110
0110111010010000
1111111000011111
0100001001000101
0111101000001001
0111000101101011
1001100001001100
1111010101011110
0001110001011011
0101111110111011
1110000010110110
0101000101011000
0000101110100000
1001110000101101
1111110000100111
1110001111011101
0000100011000000
1000111101101011
1010000111001001
1000111101111000
0110000011110100
0100101000101011
1000000101100111
1100110100011010
1000010101111010
0010100011011101
0000001101101000
0011000101010000
0100101011100111
0011101100100000
1011011000100101
1100111000010001
0100110000011000
0011010000000110
0110001000101110
1011111000000111
0110110111101011
0101001001000101
0100110110010110
0000110001101010
0100111110011110
0111110100010110
1101110101110000
0100110100100000
1101110000011101
0001000011110000
1011101101010101
0110000110110001
0101101000100100
1110010010010000
0001111100001110
1100001110100101
0100000100010100
0011111111100101
1010111111101101
0001010111110010
1110110111000010
0000101011000101
0010101110001000
1001000101100111
0011110001110000
1110100001011111
0000000110000011
1100100011010011
1000111000011000
1011110010111100
1101101010000110
0101001110001110
0000110101011010
1011111001110100
0000101011001100
1101001110000001
1010111101100100
0011011100001010
0001101111001111
0000000010010101
0111000111001000
1010011011010110
1010000000101011
0101101000100100
0101100001011010
1100010001111011
0100011011100011
1101101011101000
1001100011001101
1011010100001110
1000001100111000
1111101010000110
1011110101001111
0010111100000001
1110001100111101
1101010110100110
0100101001011101
1110011100101111
1001010110111011
1100011000111011
1110011000000001
1100001011001100
1100110111101101
1110001100100110
0101111101001101
1000001000101001
1010000100000101
1010010011001101
1110101010111010
1000000011011101
1010111000110110
0110001001001011
0001000100001101
1010010100010100
0010011101000111
1001101100011001
1010111000011010
1001100101010111
1001000110110010
0100111111010111
1110110010011001
0011011011110110
0111110101011101
1100000111000000
1111110011000001
1000000000111111
1010011100100100
0110010111111101
1111000001001011
1000001100111100
0011011011011011
1100011111111111
0101110100010011
0011000110011100
0100011011101110
0110011010111010
0011110110010000
1110000010100101
1011101100001110
1101100010110100
1011000001001100
1000011110100101
1101001011111011
0010110101000100
1101101010010010
0011001010110110
1001000011001111
0101110111000000
1100100010111011
0011000011111100
0001010001100100
0110110001111010
0101101110010000
0010111000101110
1011101110001101
0110011001100101
0110110101000011
1110100001001010
1000001000000110
1010101010100101
0011100111111010
1110111100011001
0010010100011001
1000011100011010
1011100000000000
0100110101011010
1000100010111111
0001011001111110
1000111101110011
1011110011011001
1110101100111110
0001111110111111
0101010101111110
0000001000010001
1101011011110101
1100100011011011
0010010000101100
0001011110100011
1011000000100000
1011101010011000
1101110010110111
0011000100001110
0011011110001011
0110111010101011
0000101100000111
1110000011001010
0100011011011111
0101101011011011
1010110110101011
1101100100111110
0100110110000000
0101110100010101
1000000101110101
1101000100110001
0101001100111011
1101000101110101
0110100001111011
0000111101000110
1101010100110001
0100111101111011
1011011001111000
1001010011100110
1001101100100100
1001011111000001
1010010011111001
0111000100000001
1001110101111100
1010100110100011
1110001000010010
1011111001101111
1111110100111110
0100110101001110
1001110011101110
0100000111110110
0010011100011000
1000000111001101
1100100011010001
0100101111011011
0011101001010101
1010000000010000
0010001111010110
0000001100100011
0000001101011001
0101100001101011
0001100110100011
1111010110101000
1010101101100010
1111000011101100
1001001001111101
0101100001111101
1100100110111111
0000010001110001
1011010001101101
1100011011100011
0000011001001010
0000101000011000
0110101101011011
1011011010000011
1101010110100001
0101010011000110
0111110011110010
1001100111011111
1000111011101100
1110111000010010
1101011111110010
1000100111101001
1011010011011011
1100111111110111
0101110000000000
1111010000110110
0101101011111101
1100011011100001
1001011000001100
1000101100101110
0100000001101110
0001010000010000
0100010010010011
1000011111010000
0011001000101100
1110000010010110
0110101010001001
1100101000110000
0000101000010010
0111111010001100
1001001001000111
0010111101010010
1001011101101000
1000110111101000
0001100011110000
0001000010001100
0100100111100100
1111101100011001
0100110110010110
0010011111100001
0010010111001101
0000000111001011
0000000110001011
1100001111001101
0100001100000001
1110110101100000
0010111011010000
1101100111000110
0110010100011111
0001100111101111
0000111110101110
1000001010001100
1011110100011000
1110110111110010
1110101101111100
0100111001000100
0000100101010110
1001000111100010
0110001001001101
1100001011111010
1111000000011111
0111111010101100
1000011110010110
1101110010000110
1001001100101010
0111011100111111
1101011111110000
1110001010111111
0011101001110000
1000101011100000
0101001110101011
0111111100010001
0101110010001100
1110000111111100
0011010001110010
0010000011101110
0001001110111110
0011011000010110
0100001100111101
1101000011001111
0100010110111000
1000100100001110
1010001110111001
0011011011111010
1011111101100100
1011101100000000
0010101111110000
1110011110011001
1100100001100111
0110001111000110
0101101001101101
1101000001011011
1101011110010001
0110011000111001
0011110010111101
1001101010100110
0100001101011101
0011111010110100
0000100101100111
1000100011001110
1000001000000001
1100011010011000
0100110001010101
1011000100000000
0010100011011111
0111101000010011
1000111000101110
1001010011100110
0001101111110011
0110000111111000
0000110111111110
0011111011000100
1011010010100100
0111101011101001
1111001001110101
1101110001101100
0110101101011100
1000001101100101
0011110111111000
1101011101011101
0101000110100101
1011000101110100
1100111111010000
0010000010000000
0001001111000100
1011111000011111
0110110101100010
1010001101100110
0000110011011110
0011101101111100
0000111100001100
1110011110111001
0111000001101101
1001111101100001
1010110100010001
0100100000010000
0110000010110001
0011100000011111
0111110110100111
1010001110111100
1110000111100001
1110000101011110
1011000010111110
1001101110110110
0001000101111001
1111011100111000
1010011011000101
1000111101100000
1110111100101010
0011010000010110
0011101010111101
0111010000100111
1110010101011110
0101000000111010
1011000110110111
0000001110010100
1110111101010010
1000101010100000
1010001101011011
1001110000010001
1111110001100100
1101100001110100
0101110101010101
1011001010010010
0100001011000001
1110000011100110
0011001001100010
0001011101101000
0111101001111010
1111001011110101
1011010001010001
0010011001100101
1101010001110100
1101100111111100
0111000100101010
0010100110010010
0100100101011100
0000000110101100
0111001101111100
1110101000111010
1000111111110001
1010001111001010
1100100001011000
1001011001001001
1000111111011100
1001110100110001
1111111110101110
0010111101110001
0010011100001001
1010111110010010
0110000101011100
1010100111011110
1000001010111000
1001001000111000
1101000000100001
1010000110010001
0100000110010000
0100011111000000
1001110001011010
0001000100010100
0111111111001101
0110010011110101
0111010001010000
1010101011011001
0110110111010001
1001111110000011
1001110000111111
1000110001001110
0101001001001101
1011000110101011
0011111001101000
0110011011101111
1111101101110101
0000101111000000
1100010100111000
0011000101110001
0010111010110100
0000111000011101
0000111010001001
1100100110111000
1000100010110010
1110111010010111
0111100110100011
1111100011011110
0110111011111100
0001101100010100
0001011101001100
1111000101100000
0000001001000000
0101101101110011
1100101001100000
0100011010111100
0011110111010001
0110001111111010
1101001101110001
1100011011110101
0001110101110101
0010110101101111
1001100010100000
0111110011011101
1101101101011110
1001010000000101
0101010000000001
0110101101101000
1110010011010010
0010001000010111
1111100010001011
1001100000111101
0100111001101011
0011010000010000
1101000110101000
1111110100101000
1110101101111011
1111100011101100
0101001100111010
1111000110000011
0000001000000000
1000100101011110
1001101010010101
0010011011001011
1011111000010110
0011100100011000
0100001101101100
1000111110100100
0100000101001001
0100011010101101
0000011100010101
1111111011001011
1110001011001111
0010000010001101
0111110010110010
0010001101001100
0001111011110110
1010000001100110
1001110010110100
0000100011001000
1010111101111101
0010101011110011
0010100110101110
1001101000101000
0001000011110101
1100110001011010
0011110101000110
0101010000110100
0001000101101000
1011100010110111
1010001000000100
1010001101111010
1110101001100011
1100101101111110
0010010101101010
0100101111000001
0010111011010101
0101111001100110
1000111001101110
1000111111000010
0011010001100011
0100001101101010
1010010000011000
1100111001101111
0110000101101001
1011010100001110
1111011111010101
1010101101001101
1100000011110100
0010110001111010
0001111000010100
0011011100101001
0010000111111010
0111010001110011
1101010101111101
1100101101100100
1101100011001010
0101111001000001
0111110110100101
1111000100010101
0110110110100110
1101011110110011
1011010010001111
0011011101100001
1000011001011101
0100001101111110
0100100010101011
1101100011111100
1111101111001001
1000001101010001
1001010010011011
0010000110001001
0110111100110110
0101000001000000
0100001000000100
1101010111110111
0000001110010010
0001111110101000
1111001011110100
1011110011101100
1010000011010101
0011111000001000
0111101100010101
0011110000011101
1011110011100100
0000100101001001
1011011000110010
0111111010101010
0001110010100100
1110100111101110
0011101011100100
1110110110111100
1011111100011001
1001011110111110
0110011010010010
0011100000101010
1110101011000101
1000001100000111
0100000100011110
0010011000010011
1000001001011011
0101001100000110
1000110111110010
0000100101101010
1101111110001000
1000011101011110
1000101001101011
0110111101111100
1100110101001010
0001011010011000
0001110100110000
1000111100011010
0000101010110110
1111100000000101
1001010001110001
0110000011111110
1100101001001110
1111011111101011
0100001110001000
1011110001100001
0001001000001100
1011011100110101
1010100101100011
1010100011100011
0011100010100110
1000010011110101
1011111100100101
1100001011000101
1101110000000111
0110010001000111
0001000100110111
0000001101101100
1101011001001101
0000011110000001
1111111011110010
0000000110001110
1100001010011100
0111010001011101
1000011111111010
1100001001001010
0001001010011111
1000001001101000
1110110101110000
0110011001010101
0100001101101101
0110010101011010
0010010011101111
1001111101011000
1110010000010101
1001101110000110
0010000100111111
0101011010101011
0110001111011010
1001010010010111
0110001001010111
0000000110001110
0000010111101100
1010110101011010
1111011110001000
1100110100101110
0010011101110010
0100001001100000
1010010011111000
1101110110011000
0100111011010010
0110011001101110
1101000010111110
0011111111111010
0100011000110100
0000100110110111
0010001000101101
1011101111111110
0001011000010111
0111110011000110
0100010010101100
0010011101010011
1111111000000100
1011100011110100
1000001010101011
0001010001100001
1110011011110010
1101000100101101
1001100001000100
1100100001010101
0011010001110110
1011011111100110
0011001110010110
1000101000010101
0110001000011000
1011010011111000
0001101110110100
0000110100111100
0010001111011111
0110010101011101
1101110111101100
1010111000001011
1010000010101110
1000001001011000
0100001100100111
0110111100111100
0011001011110010
1111110101011010
0000000001100000
1100111011000010
0010001111011101
1000011100001100
1111111100010101
0110111000010110
1111110000011001
0101011100100010
0011110100011101
1111111100001110
1001001110100011
0001101000110000
0110000011010111
0000010011000110
1100111111110110
1001010000011011
0100101110011011
1100010000000111
1111101011111010
0000011000101101
1001010001101111
1010110010111010
1001010100011001
0001100011100011
1010100011001110
1100000111000111
0111001110101000
1101010110011010
0101111001010010
1010000011100010
1010110010001101
1010001100100001
1010000110111001
0001111110101111
0110001111111101
1000001000110001
1110011001001010
0101010111000111
0100111001010011
0001101010101111
1110000010110101
0110010010001101
1001100100111000
1111111011111100
0101011011011001
0000110100111110
1001111010100010
0111111111001101
0110110010110101
0011101111001010
1000110100110110
0011001011111110
0011010011011101
0010110101001111
1001100110111001
1100110010000101
0101101011011111
0011010010100111
0000001110110101
1100001010111110
1111010100111010
0001100100010110
0011111111000000
1001011110100001
1001110011100111
1111010100010111
1000111110000101
0000010011101100
1000100100010111
0111011010010011
1010111010100111
1000000010110011
1101011010001111
0100100001011000
1100010000111011
1110110010111000
0010000010001001
1101011011110000
0000101110011010
0100010101110001
1010100101001101
1011011100000010
0010111000110001
0010000001111000
1000100000000100
0111010011001001
0101010101011101
0010001000010010
0011011011011111
0110110001101011
1100000001001001
0000010111100101
1011000100111010
0100110011101001
0011110100010010
1110001011110010
1000001010100011
1011001110001110
0101001101010000
0011001011011111
0111101000101110
1101011111011010
0101100010011000
1001011110011011
1010100111111011
0111011000000101
1001101111100000
0111101100110101
0110101011001001
0010101100101011
0011010010010110
1011000101100010
0010000000000011
0100111110101000
1101000100111110
0010011000000111
1001000111001001
1011101101101111
0011010010100010
1101111001011010
1101011001100101
0000101100011000
0100100111110000
1100111110011111
0000011001011001
0100111111101110
1111000110001100
1101010011111011
0010000111100010
1011000111101101
1111101101000110
0011111100100111
0100100001100010
0010001110011010
0100010101000100
1110011011110100
0001011001000110
1100110011110010
1011011001000011
1011110000110110
1010111111011111
0000001100100000
1011101110001111
1110111111110001
1110111010110000
1001110100001010
0100101001101011
1010110111011101
1111110010010001
1011010110011001
0010010001100111
0110110110100110
0101011000011101
0110001100100101
0000001010011111
0111011100110100
0110010110100101
0010110100000110
1011001011001100
1110000110000011
0110011010100101
0110101000110101
0110010001001111
1111110111000101
0011011101010110
0110011001000100
0010111010010001
0011100011001110
0000000101100011
1001110010000101
0101000100000100
0010111101011010
0001110100101111
1111100011001100
0011111100000111
0000011100010010
0111000000101111
1110000010001010
0111110001100001
0101100111100101
1101101010001000
1100101010100111
1010011100010000
0110000001010110
1101001011001100
0001011110101111
0100001110100010
0011001110111011
0110100111001100
1101100100000000
1101000100100010
0010010101110001
0001001010001111
0010110011111011
1011011011100011
1000010110000100
0101010010100001
0000001100111000
0010100100000100
0000100101111000
0001111110000001
0110100011000000
1010010111110101
1110010001011100
1111001110011011
1011111010010110
0000100001001011
1001001011011011
0011110101011000
1000011101011000
1000101100110011
1000010001000000
1011110001111000
0011001001100100
1100101000101101
1010001110011111
1110010111111100
0000110101111110
1111010101010000
1001111100110110
1001101010100010
0010000110101000
0111001000101101
1010010010011001
0110101111011010
1101001000001100
0001001011010000
0111011100101110
0111111010011100
1010101010101000
0100100101010111
1011110100011101
0111010110000000
0110101010010110
1011011110111000
1101010001010011
0111101000001001
1101010110100000
0001010100111001
1011010111101100
0101000110101010
1100010101110111
0000110001011111
1010100101111011
0010100011011011
0010110110001100
1000010000011010
0010100011101111
1000101100111100
1001000000111111
1010011111011110
0100001111000111
0100111001101100
1100001101000110
0101101111001000
0100110000001000
0110001001001110
1100100110111101
0110011000100000
1000110011000011
1000010010100010
1011000100110010
0110110010010101
0001100110011111
1011110010010000
1011111001010001
0101010000010111
1001000001111011
0111100101110000
1111001100011010
1000101011110010
1011101111001111
0111001110101101
0100100001111111
0101011100010010
0000100001111110
1101000001001100
1000101111111111
1000011010111101
0000101000101010
1001100011000110
1100011000000001
1100110011011000
0000000010110001
0100111011010100
0010001101010001
0101011111100101
1001000010010111
0000101000001011
0000001001101011
0011111100001101
1001001010101101
1110100010011101
0010111010100010
1000010000100100
0000101100110111
0010101111111010
1110001101000101
0111100010110010
1010100101000010
1010100001010001
1100000010101111
1100101111110000
1000110111011011
0011011011001011
1001011100001101
0101101100001100
0010100100010111
1111101100001100
1010101010111001
1011100011100101
0110010100111100
0000111011001100
1111101111000111
1100100011101101
1011110010000101
0111110001001111
0001101011010101
0110000011011100
0000000101100111
1101101000100101
0000000111011101
1111010000011011
0101000001111111
1010111110110001
0010011111111000
0001000101101001
1011100100010110
1100000001000101
1000010011100110
0000011001100010
1001000001000000
1101010101110100
1101100000101101
1010110100100101
1011100001011010
0111101011110101
1111000000000101
1111010111000100
0101010011011010
0000000101000001
0000110110101000
0110011011111011
0111101100111001
0010001100001100
0001111101101000
1011001001000101
1011111110111111
1110011000111101
0000100001010001
1000010110101100
0011110101000110
0001010110011111
1010101100100001
0000011010010000
1010110110101010
1010011000100100
0110000000100101
1011111101000101
0110110000011010
0000111000001011
0011110111111111
1011101000000110
0010001000001010
1110000010000101
1000101000101011
0010011000111100
1110010101101100
1010011011100011
1100101111001011
1101000010100000
0110110000000111
1001001011111001
1001010111101111
0101011011000111
0111111101101001
0010110001010111
0111010111101101
0011100101001101
1101111100001000
1001001111010110
1001011000100000
1001001001100101
0010000001101100
0001100110101000
1100101000111010
1110001001101001
1001111100011111
1010011101011001
1110000111111111
1110011110001111
0101011010111001
0000101010010100
1101000011101110
1000000000111101
1000011011010000
1111010010110010
0011110111110100
1001011101001100
0011101001101010
0000110101010101
1111001111111000
1100000001011001
1110100111110100
1110011100111011
1111000100001001
1100011000110000
1001100111101001
1001111110000001
0000000111010110
0111110111110001
0000100010101111
1001011000100010
0101001111011011
1000011110100100
0100110010100100
0011010101000110
0101101011100111
1100011000110100
0010001111111001
1010100010011001
1010001111000011
0010101110110010
0111000100101101
1011001000001001
1100111011000011
0100011111000110
1010011100101101
1001111000011100
1100001101110001
0101101100100010
0111110010100010
0000100001011011
1100101010000110
0111101001110101
1010000011110011
0110011100011010
1101101100010110
0011000001001110
0000000011110000
1001111010011111
0011101011100001
1001010001111001
0100101011111110
1010100010011010
1110110010010011
1111111010101110
0011000100101000
0001010110101111
0001110001110101
1000011010100111
0110001100110101
0011101101000011
1110110111111100
1001110111001110
1101101111101010
1001010010001101
0101101011101010
1110111101011011
0101110110101111
0100011110100100
0111001111101000
1000100011000010
0111011001110010
0101011011110011
0011100110001110
1111010000001111
0011010111110010
1100010110001110
0100000011110010
0010100000010000
1010111110010001
1010100011010011
1000001110001001
0111001110100111
1100010011000111
0001110100111111
0001001110000011
1111011011000011
0101010100011100
1000011000110100
0111011001000100
1000101110101010
0011101101110111
1110010001000000
0000000001111000
0001010001100001
1011101011001101
1010100101010010
1110110111100000
1110100010111100
0001110101011010
1101000110011100
1011111110000111
1010101101111000
1010001100011010
0001010001101110
0111011111110111
0100100100111010
0010110101010000
1110111111110101
0011011001111011
1100010000000001
1000010011000001
0110110101010110
0011001001000111
0010100101001110
1100011000011001
1010111000111011
0100010001110100
0011100100000000
0001101111100100
0111101001010001
0011011011110011
1110000110001100
1111001101010000
0101111011101110
0110010100011110
1111100100111100
1001010010101010
1001100001111000
0011001111011000
1111110000100001
0100010110010100
1001000101000100
0001101001001101
1011011000010110
0001110101011000
1100000011110110
1100010100001011
1010010110100000
0000010001111010
0111011110111010
0100100111000101
0001001110010101
0000100111000011
0100100111100100
1101000111010101
1110010001111111
0011010000011110
1101110010000111
1001001000001100
1100011110110011
1001000110101100
1000110110110000
0001110000111111
1111101111111100
0100111010011110
0101001101110101
1011010110010010
1101100101000011
0001011100100101
1010001011101101
0000011111001000
1000000101101100
0001100100110001
1011100001101101
0010101001010110
1101100000111010
0100000001010011
1101001010010101
0101100000101110
1011111100101101
1000010000011011
1111110111101011
1000110011101000
0100111010000000
1110001111101111
1110100110110111
0110000100000111
1010000101010011
1001111100010110
0000100010000110
1010110000111100
1001001000000100
1000110000110101
1000110011111101
0001100011010111
1000110100100001
0110010001010010
1101000110111001
0101011100001110
0101101100011010
1010101000111101
0110011011001001
0100101111000000
0011010101001111
0011110100110110
1110111111000100
0111000111010000
0011110101101111
0011111110100100
1111100110001000
0001011000011101
0110101110000101
0101011010101111
0100000010101010
0001000010111000
1011010110101001
0000000000001101
0000010110010010
1111101100110101
1010011100101010
0111000010011111
0111101011101101
0110100010001000
1111010110000111
1011010111101010
0110101101011111
1100101110101000
1000110000010100
0110110111110010
1100000000111111
1100011000110100
0001010011100101
1010001010010011
1101100101001101
0100001101001100
0101100100111011
1111011000110110
1000100000101001
1100010010001101
0011000110001000
1111110111101011
0100101101110000
1011011000100101
1001011000100100
1101100100010110
0000011000111110
1000001110110110
0000101001100011
1001110011000010
1001101100001000
0111001110101000
1111001001001110
0110011101000110
0111011101001000
0010100000111000
0011100000110111
0000100111101000
1101111001010010
0000111000101111
0010001111011001
1010000100110111
1001000011011010
1111011101011000
1111111101101000
0000011110011010
1100110101101011
1110000000010110
1001011111011000
1111110011100011
0000100101001101
1111111110101110
1000110001011111
1101101011011110
1101110101111111
1000001101100110
0011110111111001
1100101001100000
1100010111001111
1011100101100111
1000010100100110
1001101010001110
0010100111000101
0100101100010111
1001111001110111
0111010011110100
0011101101011011
0110011110101110
0100101111011100
0101000010101101
1101100000110101
0000011010001001
1011010100000101
0011100100111101
1011010110110101
1110011010011011
0110011000111011
1100000011111000
0111001001111011
0111010110010000
0011001100011011
0100110000101100
0010110000010010
1111000110011011
0100110100010000
0101010110010110
0100010011010000
0110110000100001
0100010101111001
1000000100000011
0100100100111010
0011001000011000
0110111101110011
0111000010110001
0100001101111100
1110000100010100
0010100001110101
1011000111011111
1101011010100010
0010111101110000
0100001000010100
0000011101100010
0111000101101010
0000100111001001
1001110111101101
0101001101001001
1010000011111011
1010001011001100
0001000111011001
0100010100101110
0100011101010010
0010100111001110
0111101101001111
1111001101000110
1101010000001110
0110110111011011
1100001000110100
0011100010110010
0011110100000101
0101101101011001
0001000101011000
1001110100001010
0101011011101110
1111100110101100
1100010101110111
1100110100010110
0001100101111011
0001011100001011
0101011101011001
1010110111101000
0000111011010101
1111100100100000
1001000101001010
1101000000111111
1011000111000001
0001101000010001
1100010110111001
1001100010101110
1101111010010000
1000010010011101
0110100011100000
0011100101110001
1011100100111011
1000001010010011
1100111001101010
1101001100100001
1111101010100000
0011011111110111
1100000000101010
1101111111011111
1101101101100100
1011010001001011
1100100000111100
1100001110101111
0110000100010010
1100001111001111
0100001111101100
1011111011101000
0010011101000100
1110110111001101
1010110101100000
1011011000111010
0111000111011111
0011001110011010
1011101001111010
1111101010100101
0111000100101011
0000110010010000
1101100100111110
1001110010111110
1100101011001100
0000110110101011
1010000011011110
0111000011100111
1001111011111000
0111010100000011
1000000101010011
1010101100100000
0100011011111010
0011011010010101
1000011101011001
1110110001101001
0001100010001100
1010110100010000
0100110010010101
0101100011110110
0101010001000101
1011000110001100
0000010100001010
1001000011100110
0001101011111100
1011011111110101
1001010110101101
1001001000110100
1011001110001111
0000110100100111
1011100100110001
1000000010001110
0100010011011000
0101101101110101
0111011110001010
0100000011111101
1010000101111000
0101111110010100
1101001001000001
0101000000010011
1011001001100010
0000010000010001
0010001100010100
1010001001000001
0010101011111110
0110111101110110
1111001000110000
0100111000011000
1101111000011101
1110001001110101
0010011110100100
1100000111111111
1111101110001101
1110010111111101
1101000101101011
1010000110011110
0110110011100100
0010110101010010
1001010011100001
0100000010111110
1110111011000001
1111110111111001
0111110010010111
1100100101110111
0110011101010011
1011001110110010
1001010110101110
0110000111010011
0110010010100101
0101000011000001
0101110011100100
1111000110111001
0101111110110001
0010100100010000
1000101011111010
0010010110000111
1000111001111000
0011100111011101
0100110110101010
0001001010011001
0001011011100001
0011101011110110
0001100111101110
1101110011010100
0101000110100110
0010111110110001
1010000100110110
0100101111011111
0110001000111101
1000100101111011
0110000110011101
1111010111111110
1010110101110100
1001101000110100
0101000101100101
1110001101010011
0000011011000110
0110101111000100
1100000100100110
1000000001101011
0000000011011101
0111001111001110
1111100111111001
1111111010100110
1000100011000100
1100101101001011
1000101010000011
1110001101011001
0001100000001000
1100001010111110
0010001100000010
0110011011110110
0011101010101010
1010011001110010
1110111110001000
1010010010011100
1010111111111101
1101000001010000
1100101001110000
0101111010011010
0111111110010110
0001101100011100
0110110001101001
0010001010110011
0010011101111001
1100000101000111
0001010000101001
1000100111111110
0001011101101101
1110100100001101
0101001011010110
1100000101100110
0011001010110011
1001001010110010
1101100001111100
0110010000110001
0101110010110000
0101101001010111
1100101101001110
1001000110011101
0110000100100001
1011011110101000
0101000110111111
0000100010000000
0010100101010001
0100111000101011
1111011001110101
1000001101001110
0110110011000011
1100100011000101
0000010001111111
0010010110110010
0000010011100001
1001110100000000
0111001110111111
1010100100001101
0001110001110111
0011100110010110
1110000100101101
0011000100111110
1000011001010110
1001110100000011
1001100110111100
0100101010010011
1011110101000110
1001100101001000
0110110110111010
1000100011101101
1111110000010011
0001011100000100
0100000101110111
1111111111000100
1001111001001111
1110001111101101
0000111111010100
0100001100101001
0011000001101110
1100100111110000
1010001001011110
1100110100110011
0100111001100000
1101110011110010
0010111001100011
0100101100100101
0010010001001101
1000000110111001
1101010000011111
0000111101010010
1000110011010001
1101011100100110
1011111010000001
1001101100010010
1001100110000010
1000011000111001
1101101101100111
0010101111000111
1111110000000100
0111101000011110
1011010000001101
0100001100010111
1100100101101010
1011100110001100
1011111110011000
0111001010111001
0111011001111001
0100101111011100
1010000001101000
0001111000110111
1110010011010111
0010011001111001
1110111110011010
1001111101010101
0100110010111011
1101000110111011
1001110000101101
1001011111100000
1011100001001110
0010110110111101
1100001111100100
1111110110100110
1010001001101100
1000000100111111
0001011100101001
0101000101001000
1010010100000011
0001101111000010
0101110010010100
0101000110001100
1010011010000001
0010110101110010
1001101100001101
0111101110111111
1011001011100111
1010111000110010
0110011011111110
0000011001011010
1011101111110100
0100100001110010
1100111011001010
1110110001001100
0111001001010010
0100100100110111
0000011000111010
1111100011011000
0101011001101111
1010001001011100
0100001100011110
0011011100101101
1010111001110011
0101101101010100
1111110101001101
1110100000000000
0101100010011100
0001101101101000
0100100011110100
1011001110101101
1101111110000001
0100100011011001
0111110110000110
1100101111111111
0011111011111100
0110010110010011
1101111100000110
0100101011101011
0000101010011010
1010001101011110
1101011000010000
1101101111000000
0101011001011101
1111010100001011
1101110011111110
1000111001100010
1110111001001101
0011011011100100
0100111110110101
0000101001001001
0001000001100100
1101011010000101
0011000011111101
1000101001100000
1001010110110011
1101101110100011
0101111110111000
0010111000111011
1010100111101110
0101010000111001
0111110010011001
0111111101011011
1001101000110101
0101010000101100
0010001100111101
0001010000101000
1001010100011110
0010100101011011
1100100110101010
1110011011100000
0001000111111010
1111101011100100
0101100101110000
1010100110000001
0010101000010000
1110011101001010
0001110111100001
1011111001001011
1011010111001011
1010100111110110
1111011111010000
1001001111001000
0110000110101110
0001111101101111
0001001001001110
1110000011001011
1100100111011101
1101111110101101
1101100001011110
1010010100000001
1001010100111010
1111011111110000
1010101010001100
1101111110000001
0101000000111111
1100011101110011
1110111001110100
1011111110110111
0010000110110001
1011001011001100
1100000101111001
1110000010011101
0111011100111011
0101100111001110
1001010101001011
1001011101010100
1011011111000100
1000001010110111
1110000011111000
1100010011100111
0010010110110001
0001110100111111
1010001111101011
1101000111101100
0100011100000111
1001001110010001
1011011010001011
1110001010010101
0101111100111110
0110001011011001
0010101100100010
1111010001011000
0001110101111010
1100101010000110
0111110110100011
0101001101000110
1110101001110101
1100010111010100
1111100101001011
0000100110111000
1100101001010011
1100000001100000
0111001111011111
1111101110110110
1010111000100110
1001011100001000
1000100100100100
1000011001111101
0111101011010001
1010100111000111
1010111001101111
1111110001101111
0111111010110011
1101111001110110
1111111000011000
0101001010001000
0001001001001010
0111001110001110
1010101111100110
0111001111110101
1011011011011000
0101001101101011
0110101100011010
0001110111011110
1110101001010000
1111001110011010
0111110010101110
0011100010111011
0001101110011111
0010001111010011
1001100000111100
1100011000111000
0001010001001001
0111101001111010
1111001011010001
1000101110011100
1011111001001011
0100100001001111
1001011100111100
1111010001001010
1110110101111010
0101101010101011
1010111000101001
1000101001001011
0111001100101001
1000000001111011
1000101000110111
0110000101110011
1000010000001001
0100110000011101
0001110110000000
0100001001101011
0001010111101001
0111100110100100
0000000101001001
1101111010010001
1111110101000010
0100001101010110
1000100001000110
