0111101100110011
1111100100100011
0011000111010011
1110011001101100
0001100110010101
0101101010000000
1010111010000000
0001100111110001
0101011111101110
0010010000011001
0001111011100111
0011101000101110
0011111101111110
0010010100010101
1011100010101111
0110100110000001
1011100111000100
1010110111101101
0100110001111000
1001011010001110
0111000111011101
1110101101001011
0001101001010001
0010111110001011
0000111000110110
1010010000110111
1101001000000010
0100100111000000
0101011111000100
1000011110011000
0011001011001111
1101000110010001
1111111111110001
1010000111010011
0010011101001110
1011000110111100
0011101110011000
0100000001001001
1000101011000101
1110011000100010
1001111011100100
1101110101010011
0101001110110000
0100010001001011
0111110010001101
0001001010110010
0010001001111111
1111010001101100
1010111011100100
1010011110010100
1010010011011101
0101100011101011
0110011111000101
0100010110110110
1000010110101001
0000010110100110
1001000101010000
1111000100011100
0100101101101101
1110010101111000
0111100110100110
1100110101110001
0111100110110000
0111101100001000
0010010001110110
1001110111100101
0001000111000110
1100100010111001
0100110100011100
1011100000010110
1010010111010100
0110010010110011
0110101011001010
0000101111000101
1100111000110110
1001111000010100
1010110001101110
0010010101100111
1001011000011111
1110010101010000
1000111001101101
0010011100010011
0001110000111001
0110011001111010
1001011010011110
0001101010010011
0110001001111110
1101110100011101
1111000111001110
1010000010110101
1111001011001001
0001000011011100
0110001000111001
1110000010101001
0001101101111101
0100001011000100
1111001111000111
1000001011110011
0110100111111111
1011101101100100
1101111100010101
0001100000000001
0011111011000001
0011011111011101
0010011000100100
0110010001000101
1111110010110110
0110101101100000
0110100111111101
1010001110110010
0100111000110110
1010101100100010
0010101100101111
0101001001001000
1010001010100011
0110111101000100
0011111010000000
0010011101000111
1110101010000110
1010001011011110
0111010101000010
1110010101000000
0000011101111111
1111110100111000
0111010001000011
1111111110000111
1111010110101010
0110001000000101
0100110110100001
0010000110111111
1000110101111000
1111000011001010
0100110101100101
1000001011100011
1010101101100110
1100001101111001
1101111000001000
1001111000000111
1100110101010010
1010110011101111
1110011001100111
1100110011111000
1111110000110011
0001111000110011
0101011011010111
1100110101000010
1111011101111001
1000001110111000
1000000010101000
0111110111100110
1101101001010100
1011010110000101
0110010110100011
1100001101111000
1001000011111100
0010011001100111
0101100001011110
1001101111010111
1001110000010000
0000011100010001
1000111011000110
1100000101101001
0001001001001101
0100100000011001
0110000111101111
1100110011010100
1001010001001101
1111111100111010
0001000101111011
0011011010010011
1100111000101100
1110000101011011
0101001111001101
0010111111011110
0101110011000111
0011011000101100
1001110001010110
1011101000100110
1011110101010000
1001001111011011
0010101001101111
1001101100111010
0111011111101111
0011111010111000
0001000001001101
0010011110011101
1001111110000111
1010010000111010
0111111011010111
1001100111010000
0011110111111001
1111111111111110
0111000110111101
1000011111011110
0010101101010101
0100100000001000
1110000100010101
0001011111001110
0011100010010101
0111101000111110
0000111100100100
0011011101011010
1010001010001001
0100000111101011
1000110001000100
1111101100010010
0011101110101101
0100100111101111
1010000010010100
0010010000001101
0001110101010101
0010010010001100
1111001011010100
1101011101110101
1011100100100111
1010000100100001
0001011001010001
1111111111011100
1001100001011000
0001001001110000
0100001010010110
1101101101010000
0101010000010111
0010101011110110
0011111010011001
0000100101111010
0101101010110011
1000011011100101
0010000111000100
0110011101111000
0110100111010011
1000010001011111
1101110001011000
1000000100100111
1100110011010011
1111101100010010
1010010001010100
0101110011010100
1010001001110100
0000111100111010
1000101110110001
1101100101001001
0111111110011110
0001011011010001
1000110111110001
1110111011000010
1110010111011110
1011011101000111
1110110111000011
1111001010000011
0111000000010110
0110100101001011
0101110100010011
0100000101111011
1001101111010100
1111011011111100
1000000001011001
1111001100100011
1000000111000100
0011010011001101
1111110111010110
0101000000011100
1110111001000011
0111011000110110
1111101010101110
0000110111000011
0100100011010011
1111010101110010
1011000101000011
0101011111010010
1100001000100001
0100010101101000
0100000011011111
0101111100100011
1011110101110100
1011000110110110
0001011100010101
0010010010110011
1100010111001100
1010111000110011
0110101111001010
1001111000011001
1101011000011100
1100101100111000
0110111001011101
1110011011111001
0001101000100110
0101010000111001
1110010100111001
1011111010100111
1110110101000110
1010000000111111
0100111010000010
0001110111001000
0111100100101011
1010011010110011
0110111111100001
1000001110111100
1001001001111110
0101100101000100
1000000101111111
1101110100101000
1100001101111010
1110010111100110
1110110000100001
0001110001110100
1010110000001110
1111011000111011
1000110011101110
0001101000010101
1011011001101000
1000110001001001
0100111001011000
0001010111011001
0010100100001010
1011111010111100
1100100100001111
1001011101111001
0000000101000110
0110100001100001
1100000011010101
1000011101100001
1010011001100001
1101011001100001
0100001110100101
0000111100001001
1000001011000110
0010111100011011
0101001000000111
1010101100000101
0111101100010110
0111101000110000
0001000000111110
0111111010110101
0011011111100001
0111101111100100
1111011111101110
1000110001001111
0100001011011101
1100000011111100
1101001101100001
0111010101110101
1001011100101100
0100011111000001
1111101110001000
0111000010110011
0011001101010100
1000101001011110
1011001101101010
1010011111110100
1100000001010010
0010001110100100
0010010101110001
1010110101001111
1000111000101110
1110010001100010
1000011000101011
0011000000101001
0010000111000000
1101110001110010
1101101011100000
1000110110110001
1010101010100110
1011001011100011
1010100001100111
1101111000000000
1110111001000100
1010011110111011
0101011010001011
1111000111101000
0011101101010001
0101001110010101
1111010001111110
0000000111110111
0001111011111001
0011111100011100
0110010010110010
0101010110100101
0011110000001100
1111001101000100
1111111000110001
1011010000010110
0000101001100001
0101001011011010
0011011000111111
1101110001000000
1001111100101011
0100001111100111
1101001010000001
0101000110110010
0110011011001010
1111000101011011
1001111100110110
0111001000101010
0100111111100111
1101100101111001
1110111100001000
1011011100101100
0101101100110111
0100000011101100
0000011010110000
1100111001111111
0111100100010011
1000100100011001
1100100101011100
0110001101001000
0101110110011111
1110110111010001
1100010001001110
1111010101001110
1100000111000111
1110110001010000
0001000110011010
0111101000100110
0000110001110101
0001110010100011
0001100001011110
1110010110000101
1101010000001010
0001010011010101
1110000010010110
0000001010010111
1011000001000110
1010010000000111
0110010000111110
0000000101110011
1010011001010010
1010011100101000
0000010110010010
0110010011010000
1000110110111111
0101010011101000
0010101000100010
0110101100010000
0000011101000101
1111101010101010
0011000110011110
1001010100011001
1001010000000101
1110110001000111
0101000010111001
0010100001011000
0111100010111001
1011100000010011
1010100111100110
1101000001011100
0010010010111110
1110100010000101
0001001101100001
0100000100000101
1101111100001110
1101011011000111
0111101101010011
1111011110010011
0111011011010011
0011101011101001
1101110000101010
0000001000110001
0101111011110010
1100101010111100
1110110101101101
1011111000101100
0001011111101011
0010111011000001
0010111100111111
0101001111000101
0010100110101010
0001000011100110
0000111101001000
1110110100010101
0100100010001011
1010111010000010
0010101011011000
1011100010101101
1001111010111101
0101110101100011
0011011101111110
1010110100101110
0101100011100011
0001000001010110
1001010111010101
0100010010000000
0011110110010101
0111011001001101
1000011110000010
0001001000100100
0110101000101001
0100011010000001
1010101110101101
0010001011000101
0111001111000100
1001010001010110
1001101010100101
0011100100010111
1011100101001101
0010101000001001
0001011001000111
0111001111000001
0010111101111010
1000101101111110
0101001101100111
0111110110111010
0010101011110011
1101000000111001
0000111010011000
0010110111110001
1101011100011010
1001010100011000
1001011001100110
1010000100110101
0111110101001100
0000011010000010
1001001111110101
1000011110111101
0110001111110010
0010010011101010
1110111011000100
0011100100000111
0011101100100011
1010100001110111
1001100111000000
1011000110101110
1110010010100000
0101010011101101
1001100100000110
1010001000101000
0000110001011100
0001111101001011
0001100001111000
0101101101011010
1100000101100110
0110100100000001
1001010001001110
0001100110111111
0011010001111000
0111011101100010
0011001100100001
0000010110010011
1111011001000111
1101111011001000
1111110110100011
0011110111101101
1101011111111110
1010110000100110
0010000010010010
0101101010101100
1000011011110001
1011010111011110
0010100011111101
1000111100001110
1001101010011110
1100011110010101
1011001001101100
1010010111001011
0101100011101001
1011111001000000
1111000101000100
1000011100011110
0001010011010111
1111111011011110
1011110111000010
0011111000010101
1001010000101000
1111111000101001
1101010001111100
0000011010111010
0000000000010011
1011000001000110
0111010001101101
1100010110100101
0101010101101101
1011110011000110
1000011110000001
0000101001111000
0100000011010010
1110111010010100
0110000101101001
1100111011111110
0001101111100000
0010111000000101
1010000010100000
0001100000110011
0101010100101110
0101001101100011
1111110011001110
0100111111111010
1000110110001110
0001100000100100
0010101010101001
1010000110001110
0101110000101011
0011100011001010
1110010111000111
0110110100000100
1011010011010111
0011101000111101
1000101000001100
0110100111110110
1000111110111100
0001100111101101
1000001111010101
0011111000110010
1110000111010001
0001001110011001
1101100010001101
0010000110101110
0001000111011111
0001100100001101
1010010001001111
0010100100001010
0110100111011100
1100000111101011
0000011100010100
0001101011110010
1110100011100010
0000001111110010
1101110110011100
1100110111111010
1101100111000000
0001110110111000
0010010110000000
0001101101101111
1011000010011101
1011011111001011
1001000010110101
0011110110011110
1010100010010011
1000101101010110
1111100100011011
1100101010100011
1011101101100101
1011000101000001
0110000110100011
1100001001101000
1001110110011101
1011001011010100
0001111110011010
1000101111110010
1000001001110000
0111011000000101
1100000011010111
1101000010100000
0100001011111010
1001101101010100
1001010010100101
1001110111100000
0001101010101101
0111011001011101
0000111001011011
1001110000111111
1100001001001101
0111110110100011
1101100111111100
0011010011001110
0001011000101111
0101110101001110
0110100001000001
0000110110101010
0000001100101001
1010001110101100
0100001001101001
0011110100110101
1101011100110011
1010000110011001
0110110010111011
1001110000000100
0011101100111010
1110111101010100
1111011000001110
0000101011110010
1000101101001110
1000110110001101
1101011010101110
1101000111010001
1110111100111110
1111010111001111
0010001110101110
0010010011000101
0011111100101001
0000000010011010
0000001100110000
0001011110011001
0110011101001100
1100110101110100
0011000001001110
1001101010111000
1110111000011101
1001010111000101
1001100100111000
1010110110011111
0100100100100000
0100100001001100
0000001101000010
1110001110100110
1010000000110011
1110110000000010
0000100110101011
0001100100111001
0100101101000110
1110010101111100
1110101111011000
1011101001110110
1111001000100100
0000101101010001
0000000010010010
0101010100000100
0110001111000101
0011001001000110
0000010100110101
0000111110111010
0011101000111001
0100111100100100
1100111001100010
0100110010000001
0101111111100010
1110111000001101
1011001101100001
1011000000110101
0000011011111000
0011000100111110
0101110000001111
1111001000001000
0010111011011001
0111111101100100
0011101100000111
1010010001111000
0100010101100000
0010111010110111
1010100111000101
1011100010011000
1010101001010100
0000000011110110
0100010100111110
1000111000010110
0111000001110110
1111100101101101
1100101101110001
1010100111001000
0011101100000011
1110011101001100
1111010001101110
1110010111100001
0001000011010000
1100111110101000
0011011111101001
0000100101001101
1101011000100100
1001110111110110
0111100010101000
1111001111110101
0011100100100001
1010111110001100
1100110111100100
0110001110101011
1110111111010010
0001001101110100
0101010011011011
1100110010110011
1101010000010101
0110011001001101
0111110101110011
1001100011111100
0110100000010111
0010110010011011
0010011101110000
0000101110011000
0111111101000110
0010010001000000
1100011101111110
0101100000101001
1110110001001110
1001111110111100
0001010001111100
0100111110011000
1111100011000110
0000101011111111
1100000101110001
0011001101110000
0000000011111011
1101010110111000
0010010101110001
0101100001001111
0001000110000001
0100001101010101
0010111011100011
0001001101000000
0110000011101100
0001101010100101
1101101001000111
1001001000001001
1100100010110101
0001111100111001
0110111010000000
0011011111010100
1101000010001111
0110110000111111
1110101001111100
0010010010101010
0011010111010011
1010111110101100
1010001001000010
0001000001111100
0010101110011011
1000100111110010
0110000100010000
1001000011000100
0001011001001111
1000100110110111
0101100101111110
0001111001110011
0101010111110101
0101100111000011
0111011011001010
0101100101110101
0111000010111001
0100011111101100
0111101101111111
0110111011100101
1011000010110010
0111111100011101
0110011001101010
1000101000111001
0010100111000010
0001010110101011
0011101110100101
0101101101111100
1001001001000101
1001101000010100
1000011001111011
0011001010011111
0011100111010000
1110111111010100
0100001001101101
1111011001101001
0001000011101010
0100100100000011
0011111001101000
0001000111000111
0010100011010001
1110101101100110
0110101011001110
0001111010010010
0111101100010110
1101110111110101
1000110010110010
1001111010111000
0011110010000011
0011111011011001
0010101110000001
0001101001110011
1010001111101110
0001111011111000
0110001100100010
1111100011100011
0110011101011000
0010000000110010
1101010111010000
0000100000000001
0110001010010010
1111010010101110
1100001100011001
1100000101001111
1010011100111111
1111111111011001
0000101110001110
1111000111101100
1011111010111010
1101110011001001
1110100000000101
1101010001001111
1101100110011110
1010011010110001
1001110111010000
1001010110100010
1000011011000110
1010101000011111
1010001010111011
1000000111111100
1110000100111111
0111100011011001
0001001000110010
1101101111100111
0010111111000010
0011000000010011
1111100000110000
1001011100110111
0011110110000100
1101110100101100
0110101111001111
0000010110111000
0011011111110101
0110111101101110
0000000110010011
0001101101101011
1000101101111101
1001101011011011
0011101100000101
0010111101011010
0011101000100101
0010101000001011
1000110011110011
1111000011001101
1111101010010011
0110101010011111
1010001111011011
0001000010011011
1001110000010011
1001101100111100
1011100011110100
1010010010110100
0111100111111110
0100110101001111
0001110101110001
0100001100110011
1110010011101100
0000111110111101
1100101010001010
1111100111011110
1011111000001100
0111001101110011
0010111011011100
0101110011010001
0111111111011111
1100001011101110
1010100000010111
1011101011010010
0010111001111001
1001011001000100
1110101010110101
0000001011100100
0000011011011010
1000111000001001
0000010010011100
0010001001001100
0011111110101100
1100010011110010
1011001110100011
1100011100011010
0110101111100110
1010100011101110
0011111000101011
0100000110011000
1110110000110110
0101100111001010
0110010010110000
1011000001111110
1100011100110001
1110101110010000
0000101100010011
1111111001010100
1011000110000101
0001011011010011
0010101110000111
0001011001000001
0000010010111010
0001100001010000
0001111101110000
0101111000110010
0011111101100101
0111010000111111
0110011001011011
0010101101101010
0110010110101100
1100010100110001
0000111000110111
1111010100001011
1001011001111110
1100100010100110
1010110000010111
0111111010101100
1010110000111011
1000001010111100
0110111000100110
1110100000011010
1100000000110001
0011000010011110
0010011111111110
0000010011001000
1100111101101001
1101100000001100
0110011000101111
1000101100110101
0001011001101001
0010101100110110
0011111001111101
0010000110110110
1011101000010001
1111001011110110
1010110100100110
1110101110001110
0001110100101100
1110101011010111
1111001000111101
1000010111100111
1000011010010011
1010001101000110
1100100001001001
0010011001110101
1101101001111110
0100001011001110
0110000110011101
1001101100011010
0111001101100010
0101001100100110
1111100000100000
0000010010000100
0000110011110000
1101011010010000
0001100101001100
0000101011101001
0011010101100111
0011111011110010
1110100111010001
0000110101000000
1110101011001000
1111110111010011
0101000101111101
0000101000000000
0100100000101110
0001000001100111
0110100000100011
0010110101111111
0101101010100001
1110110111111111
0001110100010010
0001101110111010
1011101010000101
1011010001100011
1000011011001010
0010100001011111
1111010000000100
1000001101100110
0000110101110110
0101111101000101
0110010111111011
1010011001101010
1000111100010111
1011010101001111
1010111011011100
1001001100000111
1110110111001110
0000100100011000
1011000001011001
1111001001000111
1111100101110101
1010111100010100
1100101100010010
1000010110010000
1001100001100101
0001001000101000
0000100110001000
0001011111110100
1111011100000001
1010001101101101
0000011010100101
1111001000011100
1011011010000000
1111000100110110
1111010000111101
0011001001000000
1101010010010100
0011010001101001
1000111011000101
1110011000010111
0011000000100010
0000101110100110
1110101001010001
1001010110110111
1001101001000000
1111010100101110
1110100001001011
1011010010111001
0111111111111000
0111000110100111
0010111101010110
0110001100100000
0010110100110101
1110110100100100
1000101010111100
0010010100110010
1010000111010010
0011100001110101
1000000001000101
0111010011010001
1101110111101101
0101111000110011
0110000011010010
1111000111010111
1000000001111000
0101110110100011
1100011001100000
1001100101010101
1110100100000000
1100101100001111
1110000100011100
0010110110111001
1101000010001011
1101010111111100
1011110011111001
1100011010010000
1100100001110011
1000001101100101
0001100000100110
1100111010111110
0100100000100110
1010110010011001
1010010010010100
0110010010110100
1000111110100011
1110100101000001
1011101100111110
0111000100110010
1110101001100000
1111001011011000
1010011010111001
1100011011011111
0101111011010110
1101010010111111
1100101010000101
0110010000110101
0001111100001100
1110011010000011
0100011000010010
1010011110111000
0110101111001001
0100110111010100
1000000010001111
0100110001010011
1110011111111101
1101000100101110
0110111000100101
1110101011101001
0110110111110101
1010111111010010
0110111100000011
1101110010100101
1001110111001000
0110001011000111
0101011101011111
1100111001100000
0000000011110011
1101000111010110
0111000001011010
0000101100111011
1100110101001000
1101001011010010
0011001000100011
1101111001000010
0000010010111011
1010111011111001
0110111001010010
1100101100011011
1001111100010001
1000110001011001
1110001001011111
1001010011001000
0010110011001001
0011000101010111
1000100010000011
0101011101100001
0100100110110100
1110110100000100
0000100100110011
1111001101110111
0010000000000001
0010101010001011
0000010100010110
0000101101101000
1110000001110010
1110011101100100
1110001001100001
1111010101110011
1000011100010010
1010101011111111
1001100101110000
0110100001001010
1110111010001101
0111101101100011
1000101001101100
1111001000000101
0100101101000001
1101010111111110
0101001100001101
0100110110010111
0100010011101100
0100000111100100
1000011001001001
1000000000100001
1110111100001111
0011001100111100
1011100000010100
1101111110100011
0010000101110000
1111011011111101
1011100100110101
1001101010001001
0110100010101111
0100001001001110
0111001100110110
1100000101111110
0010110100110101
0010111111111101
1111000111111101
1101011010001001
1111100100110110
0000110110100100
0010000001010010
0010111101100000
1110001001011111
0010100001110111
1100001010000000
1111011111101000
0010010010110110
0010101100101110
1110001110001001
1001111000001100
0010101110001010
0011001011101011
1100101111101011
1011000011100010
0010111110011110
0100101000000110
0111001111100101
1101100010011001
1011100010010011
0100011010101001
0110000110111010
1010100010001011
0000100110011011
0011101011110001
1100001100100001
0000110111101110
0001000000001001
0001111000011101
1010011010110110
1011110100110110
1011000011110011
1001010100111010
0011111100101001
1111110110011010
0101000000001111
0100001001010100
0111000011101110
0100110101001001
0010110001111100
0100111100111010
0110001100000110
0000110011101100
1110001101010101
1110010100011010
0101100010111001
0011011111010010
1110001001111010
1100000011101011
0111011100111010
0100110111100110
0000100010100100
0100111111110101
1111010001010001
0100100000110100
1000110101111110
0010010011011100
1001001111110111
0110101010101101
1101000100110001
1001110101100010
1001110000000110
1111101110110001
0001010111110111
0111001000110110
1000000110111111
0111111010010101
0101011000100110
0000100010000110
0011111010011100
1011010001010101
1101110000011110
0110001101101100
1011001000000000
0000000001111101
1010001101000101
0001101000100000
1110001001100000
1111000110011101
1000001000010111
0010111111000110
1010101111110110
1001001010001100
0011111111100111
0001011110101111
0010000001100000
0111110100100111
1101011110001000
0001100111010000
0010010000010101
0100001011000010
1001111101111011
0011011101000110
1101111100001100
0100001001100010
0001101100001111
0001011000101010
1000011100010101
0110111010011011
0000010110000000
1011001111100110
1000110000001010
0100100000011000
0101001010100011
1001010001000011
0110011000101111
1001010000101100
1011101001010000
0001010001001101
0110001110010111
0110110101000110
0111000110001111
0111001111100111
0011001111111111
0110001001101001
1000000001100011
1101000101010011
0110000011100001
1111000100010000
1111001100100000
0011011101001000
0110110001010101
1000110101000001
0101001010001100
1101101000100110
1000010001000011
1000000001001001
1011010000011011
0110100000010000
1010010001100111
1000001011110101
0011110000001010
1110101000011000
1001110100001011
1010110011101100
1100100111101001
0101100110010010
0110100111011001
0001000110001011
0101100000010101
0100001100010011
1010111111100000
1011111111011010
1100000101101010
0001111001000111
1100000100100010
1110001010010011
1101011001111001
0010001101100101
1101101001011000
1100001110010000
0011000110111111
0011100000101001
1101111010010101
1010001010011001
1111101101011100
1111010110101000
1001010100010000
0011010001101100
1011111100110011
0001000100010011
0011000000011011
1101011110111100
0001010111111001
1101000101100001
1010100011001001
1001010111111111
1000010000000001
0000100110111110
0111111100111100
1101110101110100
0010011110011101
0100100100000110
1101010111011000
1010011101111000
1100010100111000
0101110100011100
1010111001100010
0000001110011100
1010011110000100
1000011110111111
0011001011000100
1000010010000110
1000001000100111
1111000011100000
0001011001101100
1110110100001000
0101101011001011
1011101011100001
1010011011110111
0110111000111000
0000101000001010
0110101100110100
1101001111010111
1000100011000010
1111110010000000
1100100001011010
0101100011001101
1111010101000101
1001110100111011
0011110110011111
0011011100010100
1001110000101101
0110010011111000
0001100011100011
0010100111011101
0010010011000100
0110010100100111
0101001111100111
1001101111110110
1101010110100110
0100110000010001
1100111100100000
1110101011001110
1100100001111011
1000000011101010
0001010101001101
0011001110010001
1110101101011111
0000000000100010
1110000100111110
1101101000010111
0001100011111011
0011101001000010
0101001110000111
0110011011101111
0101111001010100
0110011011000100
0111100101101010
1111101111101100
0011110010000011
1101011010101111
0001011000000101
0001101110100011
0011000011101101
0001101011111100
1011000001100111
0010110101001001
1111010011100010
0100011011010000
0001001001111010
0011111001011001
1111101011100000
1111010110001001
1111011010001001
1110001101001101
1011110101110101
0100001110000101
0101101010111010
1110000010011101
0001110100010000
1110010100001011
0011000101110101
1001101001000010
0110010011011110
0010110101001000
0100100101001111
0011101101011111
1100110111001100
0000101110010111
0000110110011110
1010111011100011
1101010110001110
1111110011010011
0000110001010100
1010101000001101
1010010100000010
0001110000110010
1010010101011000
1101011000100100
0011011100110111
1001010100000100
0001110001101001
1000100101110010
0001010010001000
0011110111101100
0000010010111011
0000011010001000
1111000101101010
1011010101110001
1001010010100110
1110101000011100
0011111100011010
1100100000100011
1001110110000011
1001111001010100
1101011100010001
1011110100010010
0011100010010010
0101101111000111
0001111100001010
1011011101010110
0011001111001111
1000001000000111
0110111100011010
1010111011000001
0100001100101110
0001001100101101
0111100111011100
1101000000111000
1100011101110110
1110100011000011
1100101000111101
0001001010000000
1111100001110111
0110000000001101
0001000010000000
0110111100001001
0101111111011000
1011001100101000
0110110011101111
1000010010100101
0011101111010011
0001001101101110
1010001101010001
1110100000001000
1111001010101100
0011111001100111
0100011111001100
0000011111111000
0101011100010011
1010010111101001
0111100001011101
0010100001101011
0101000100101101
0000010000000110
0001111100110011
1100000011000101
0001101001111010
0010111101001100
0011000111011000
0000111110111111
1011111010100101
0110010001110100
0101101101101000
1000010111100100
0101111011011100
1010111100010110
0110001001101100
0011001001110100
1110001101011010
1001010111000011
1101101111110110
1011110111001010
1011110011110101
0011111110001110
1110000010011000
0100110100110111
0100010010010011
0000100110101011
1000001011100111
0000001110111000
0000011011001111
0100010110100010
1000011000110110
1111010011111001
1111010000011111
0000000101011001
1110110101010001
0010100001111010
1101011100011011
1010011110101001
1111001100110001
0010101000010110
1010101101101100
1001001010111001
1111101000001110
1000000011000000
1101110010011011
0100111001001000
1101100110100010
0001100111000110
0111101110000010
1011011011110000
0111010010011000
0101101011010111
0111000101011111
0101101010111001
0110010011010101
0011100000001010
1011001100101010
1100010001011000
0010011100111101
0001010000000111
1001100100000110
0110110001010111
0111101011101101
1010000001100101
1111000111001100
0010111110001110
0010111000110111
0110111001100100
0011111100000000
0110000100000010
1011100010110010
0101111001000110
0000000111111101
0101110111111011
1010010100111000
1001011101101110
1000011100110100
0110110111101000
1100000010100000
0011000000111011
0001001110000000
1011111011100111
1110101011110000
0101101101101010
1110111110110110
0100100101101010
1110000111001110
1110101110001110
1100101111111010
0110011100001000
1000111100001010
0111100111111110
0001100010101010
0111010000011100
1011011010010011
1000100101000011
1001010000010100
0110101100001101
0100101001101011
0110110000011001
1000101110111110
0101100010011100
1011011010110011
0011010010010110
1011001011100001
1100111100110101
0101111000101101
0001001011101110
0110111010001001
0000010100111111
1010000011001000
1110100010011111
0000111010101011
1011000001110101
0111011101101101
0101111011101111
0100000100011100
0010100101001101
0100100001011001
1010010100100001
1111011001010001
0110110111100000
1111111011111001
1110101010010101
0111110110111101
1110000100010101
1000010101000001
1100011011000111
0101011101100101
0000001001111101
0101110111111100
0011001011010010
1110111110110110
0111111000001101
1101010001011010
1011111110101001
1001011000001111
1100011001110100
1111000000011010
0101101101010110
1100100011101011
0101100101110000
0001101010000000
0111100000110011
0010011110111010
0001001010001101
0111111101101101
1011111100010101
1011110000110011
1101101011100010
1100001110111010
1000100110000001
0100001110111111
0110101000100001
0110000101011010
0110011001000100
1011110111010010
1110001101100000
1111111011111000
0110001111001101
1000010110011100
0011110110011010
0011010010000001
0111000111010110
0010111011111000
0111100010101100
0001010001111100
0010001000110011
1000110110011100
1111110110010111
1010001010100111
0010000111111010
1110000111101001
0110011101011000
1110010101101110
0011110111001011
1001001010000011
0010001111000001
1100000001011101
0110000000110100
0100110011001111
0010111111001001
1100000111010101
0110000010111101
1100000011000001
1010010110110001
0010110101010011
0011010011011100
0001100010101111
0111010101110010
0100100101111100
1011110001001010
0101010110101111
0101000000111101
0000000010010100
1001000100001001
0011011000111111
1111100110011000
0101100010100101
1000000100111001
1101111011101100
0010110111111110
0001101000010101
0101000101101011
1001011101111001
0111010100000110
0000111101000100
0000100010101110
0011111011101001
0111100100010001
1110001110100010
0110000101100001
0101110010111011
0001111001101010
1100100010111100
0011010011000100
0100110001101001
0000011011110111
1101001111000100
1000010010000000
1110001000011011
1010111101111100
0010111011101101
1111111100101011
0100000010100100
0101111111111001
0101001010100110
1111101110110000
0010111010101101
0001010010110000
1010010000110110
0000101001110101
0001000100000001
0001001111101011
0110101101101011
0001010001100100
0001110001000100
1101001100111010
1001110001111000
0000010111011101
1011101001001001
0110100010100101
1101111111001000
1001000011101000
1111110001011001
0001000100000101
0000100101010010
1010001010110001
0100101000010101
1110101011101100
0010010101011111
0010111011110011
1000101000101010
0111110001010110
1110101101001001
0011101110011100
1001101100101000
0001010100000011
0101101111010000
0011001010111100
1011111010011010
0111111000000000
0111000101011010
0101110010100101
0101011000001111
0111010010000101
0101010111100111
0111100001101001
1101100111101000
1000010000011111
0101001011000111
0000001010011110
1010101110000010
0000101001000000
1101111101010111
0111111000001100
0010000101001011
1000111111000000
1100011100100101
1101011010000100
0101110110000010
1101111110110000
1010011001001100
0001000011010110
1000110011110100
0101110111001110
0001000010101110
1010101111111111
1001010110101111
1101101001011100
0000000110101110
1111000110101000
0011010101110101
1100010000100001
1001011001000011
0100000001011011
0000000101101011
1100110011100101
1011110101010110
1111011001101010
0101101010100001
1110000101011110
1001110101011001
1101111011110001
1011011100010000
1000111110011110
1100010001110100
1100100001000111
0011101010000001
0101100000000011
1011101011101100
1101101111101000
1010011100011111
1100101011010101
1101001001011101
0101011110101011
1011111101110100
0111010100001100
1011111000111101
1111001110010010
0010011111111001
0001110000000101
0011111000110111
1010010010100001
0100011110100101
0111101011011001
0001000100011011
1110001110001010
0100100100110101
1110110001100110
0111010001110111
0011001111101010
0110111110100110
0110011100011011
1111100100110100
0111111001010110
0000010110010110
0010011011110001
1100011010000110
0110001001101000
0101100101101000
1001111010010010
1101100010010111
0101100011011011
1111000001001101
1000000110010011
0100000101001111
1000000111010000
0000110110100100
1111110000100001
1100101100111001
0110010100111010
1000101011011001
0001000001100111
1101100000011001
1111001111011101
1010101100001111
1001001111100100
0010011111000011
1000110101101001
1101010100100001
0010001110111110
1001000011101001
0001000101110001
0010000110110101
1011100010001001
0100011101001001
1001010111000111
0110100011111001
1011101110000101
1110000001101010
0000000100011100
1000110000001011
1001100100001111
0100100101100101
1111011010001111
0111100000101101
1010110110111100
0000110010110011
1100100110001010
1001000011011101
1000010111001100
0101001110111011
0011000101100010
0000011001101000
0100011010010101
0111101101011100
1111010000001111
1010010101100110
1000001000011011
1110101000101000
1001111011001101
0010111001001000
0101011000110111
0001100011000100
1111100011010011
1010000011111100
0111101011000011
1101000110011010
1101101110100111
1100110000110000
0110101011111000
1001110000111101
1011011100101101
1011100010001101
0000101011101110
0011011101111001
1001010110111100
1001000110000110
0011101110111111
0110111011001101
1100000011111000
1010111100100000
0011101101110100
0001001000111111
0100010110001010
0001010111011010
1010011111011111
1110101111111101
0010010101011000
1001111001001000
1000000000001000
1101011101100001
0001101101010100
1100110100001001
1101110111001010
1100001100000101
1101011010110001
1110100110011110
1101100001110110
1010110101100100
1110000001111010
0110101110011001
1000111000011111
1111010011010000
1001101001001111
1011100110001010
0100000101101100
1000000000010001
0000011101011010
0000100011010010
0110010101010111
1001011010010001
1111000100000101
0110010111100110
1110101101001110
1100110001100110
1111000010110000
0111100001101010
1101011110110000
0000111110001100
0111010110111101
0011100100011011
0110100011000000
0011010100010100
0001101000000100
1100011110110100
1000001000010111
1000001000111001
1000111111110000
1110011000000001
1001001011000110
0010110110011111
0010111101111001
1100100001010100
1001101111100001
0000110001011111
1101110110100110
0111000001000000
0010110000000001
1111111101100101
1000110011010100
0000111100001011
0110100001010011
0101011000011101
1001001001000111
1101101110110110
1101011111101101
1101101001101111
1100100111110011
0111100101011111
0001000011101001
0100011011010000
0011010110011010
1110011011001000
0101110111000001
0010001000100011
1001010111001010
0110011100001011
0110000110110110
0101000001000000
0010101110010001
1010000011000110
0010011010000010
1010111000001100
1100010101101101
1010010010101000
0101100111001100
1011100111000000
0110001011111011
0000111011110100
1011100111010100
1101110011101000
1110100011100011
1010100000011001
0100000111000101
1111101011010010
0011001000000011
1001001111111101
1011011011000010
0000010011000101
1000101011001111
0110001101110010
0111000011001000
1010001000110010
1110011111011000
0100111000001001
1000100010001110
0110001110011011
0100000101101001
0011001001010101
1100010110001111
1100000100111110
1000011001001110
1110011010000000
0111101111100010
0110110010001000
0000000000011011
0110001101011111
0101111111100000
1111011100001011
1000111101011011
0011111111001000
1111001010001101
1010100011000110
0101101101111010
1101110000001110
1001000111001011
0011100011100100
0010001000011111
1110100010001001
0110000000011101
1001000101100000
0001000001001111
0110101110011100
0001001110001001
0011100010101110
0110010110011000
1001011001000011
1101101011010010
1101001100001000
0100110011111010
1011000010110111
1011001110101111
1111011001000100
0000011010100100
1000110011010001
1111010010110011
0011001100111001
1100111001001100
0111111011111001
1010010010010000
0011010110000110
0000100101001100
0001001011111001
0100101010101110
0111010000011010
0101101100100010
1001100000101101
1111110010011011
0001111010101011
1110010110000000
0001000010010011
0110010100000000
1011101111111110
1111000010010100
1101100100010010
1011000111101110
0111000111010011
1100001100100110
0101001001101111
0101001011011111
0100111110011011
1111110110001110
1000101000110001
1100100001110000
1100111100101011
1000010010010010
1101000110011110
0110101101111000
1010100110011010
1001010101101110
1100101010010110
0010101100000111
0100001101001111
1110101000110001
1001111010010111
1010011100110110
1010110111111001
0001000110011101
0110111001101110
1001001011110010
1101111100010001
1000001100001011
1101100000110100
0010100111011111
1110110101010100
0010011110001000
1010110110001111
1111001100101101
1011000011011001
0100100101100111
0000010001010011
1000100100011000
1000000010010101
0111100111010010
1111100010001100
1011010001110101
0011011001100001
0010111110010010
1001000011010010
1100110000011101
0000110111111011
0000100101000011
0010101101111110
0000100100011001
0010110011110001
1000111100001001
0110110011011110
1000000110000110
0000000000000000
0010100110011100
0101101001011001
0101001100001101
1010010110001001
1101111001011010
0100110001111010
0001000100010101
0111000001111101
0110101110000010
1101110110001000
0001000000010011
0001001101100000
1010101000001011
0000101100011001
0111001100011000
1110001111010010
0110110111110111
0010101011111101
0001100000001111
0100110101001011
1011010101000010
1100111110001101
0001110010101010
1011110110111101
1101100000010100
1000110101010000
0001110100111110
1100110100000000
0000100110101010
0001101100111010
0010100110111111
0100111111010000
0101000011011011
1000110100101010
0000100111011001
1010100100101011
0001110010101100
1101110111111100
1011010111001101
0101100011101100
0010000000111010
1111000111010001
1001010001100110
1100011110001101
1010001101100010
0110010000101110
0000000011011010
0001110011111111
0001111100100011
1011111011010011
1011011101010000
0000000011000110
0001110010111011
1011101111011111
1111111010111010
0101110011111010
0010011011010001
0010000001011111
0101101100000110
1001110111011001
0100101000000100
1001010000100001
0101101010111011
1111011001100000
0110011110111101
1001101010011010
0101100001001000
0010110011000111
1101001111001110
1000001100110100
0011100001100101
0100100011100000
0101000011010100
0110101000111110
0001011101111111
1110101010110010
1011110100101100
0011010001010001
1111110110011010
1101001000111011
1011111000000111
1010100000110100
0010111010100010
0000110001011000
0111001001011000
1100111100000011
1001100110000111
1001000010011011
1110100111000001
0000100001110100
1110000111100111
1110111001100000
0111111101110000
1011011011010101
0111011011111110
0001110111100100
1001100000011011
0111101000000011
0000000100010001
0011010001110000
0011000101010101
1111101001111011
0111100100110010
1010111010001110
1011001111000001
0101001101010101
1001110100101010
1101000101100110
0111100101110011
1010100100010100
0011100100100101
1101110010101111
0111110100111101
1100010100001000
1011111101001100
1000110011011011
0001001011101010
0010010011110100
1000011111101010
1001110000001010
0101000000010011
1111010000101000
0000001000100100
1101111000110011
0101100000010010
1010000101001000
1010001100010010
0111011001100100
0000000100100011
1010011011010110
0100001011111100
1110101010111100
0110101001111111
0000011110011101
1101101001101001
1101001010111100
0111010011101111
0001011111100011
0010011111011011
0011111110010100
1100110001100110
1100000110000101
0010110000001001
1011000111110100
0010010110000100
0010101111111110
0110110011010011
1101100110100000
1100110101001100
0001110011010000
0110000010010110
1111110000011001
1000110001101111
0101000010011011
0011000010011100
1111000101001010
1011010000100101
1001110110011000
0110100001010111
1110101011000101
0101111011000111
0100000011100011
0101010101010110
0011100011001010
0101000011001011
0000100110101000
1110000010011011
0001011010001011
1110100100001110
1110110111011001
1001111101100011
0110010100001101
1111010100011110
0101110110100010
0001001000110000
1010001100101010
0111100100001010
1011111101111110
1110101100111011
1001100000100001
1100010101001000
0100100001011011
1101000011011010
1101111101000111
0111011001100010
1000100011110000
0011111011101101
0111000011110001
1111000100000110
0011110010111000
0111100111000001
0101010001111010
