1110010011100001
1100010100100011
0001111010110111
0000010000010001
0000000010010010
0010101100100111
1001111101110010
1100001001111011
1001001010110011
0010100100111000
1100011001010111
1000101110010000
1000101010100000
0011011110110000
0010000101011100
1001000010101011
0011010001010011
0101111010001110
1010001000111001
1010001100111100
0100000100001011
0111001100111000
1011100010100010
1011010101001000
0101010011110111
1100010011111000
0101011001101101
1010100010100011
1001011111010000
0100000110110000
1101111101100101
0100100010101111
1100010000110000
0010111111000101
0000110100110111
1000001010001110
1111111001101111
0110001010110110
0011001101100111
1110011001010110
0011011101101110
1111110011100001
1000111011110100
0011011010001011
0111010100111101
1010001011100111
0010111101101000
1000100000010010
0001100110000111
1000100100000100
1101001111110101
0101101010010111
0010111100001011
1001001110010111
1001100101010011
0001110000100000
1110011101011001
1111011010011010
1100011110110101
0100111000001100
0001000100111101
0101101001100111
0010111011001100
1110111000101100
0011010001110011
0001011011001001
0010100001001000
0110100000101001
1101010010000100
0000101101010110
1101111001110111
1100110111101010
0110101011100101
1110110101001010
0110000100101101
1101000110000000
1011001010110100
1010111110110001
0110101010000111
0111100011001101
1000100101000111
0110111011111010
0100000000011011
0110110010111010
1011111001111000
1100111101001001
0010100101000000
0011101110000100
0010010000101100
1111111101101010
0011001010111111
0100000100001010
1110011010110101
1011000101000000
1000110100100111
0110100010010110
1100101110101011
0011000000101111
0100100000000000
0111100100100100
1100011011011100
0100011011011010
0100100110000111
0101000001101101
1110101100001000
0101110001010010
1000100100000001
1000111101101001
1010100110111110
0001111111000100
1100011000010010
0010101101011101
0001000001011100
0111000010010001
0011110010100000
1010110011100001
0111011100110001
1100000000111011
1100011100001000
0101100011000000
0111100001001111
0010100110100011
0110110101000001
1010110000011111
0101100000110110
0000100001100100
0000100101011000
0011001010011001
1110010111011110
1001110110101111
0100000100001000
0111011001010001
0110101000101011
1100111000111111
0101010111110100
1111000111001110
1010000010111110
0010100011010111
1001110010010011
0100000001001001
1000010110100011
1010010011000110
0101010010110110
0000110110011100
0010001110011101
1000000000000100
1011110111011101
1100111000001101
0011010100000010
1110101100111010
1110010111100011
1000111101001101
1101001111000000
0011100010100110
1110000110110100
1100001101111100
1110001101101011
1110110001100001
0001011110011111
1111111101000011
0101110001001011
0100110100100110
1100011000100110
1110001110010001
1101010001000001
0000001001101001
1001110001000010
0101111010100111
0011010000011000
0011110111110111
1111100001000010
0110111100100111
0011000010000101
0111001001011001
1111010000111010
1110010010101111
0101001000010101
1010110111000111
1011011111111111
1101111110001011
1011100001100001
1100010111010110
1101000010011100
1101101110010101
1010100011100010
0101000011111101
0010101010101011
0010100000011010
0100100111011001
1101111011010111
1000000001100110
0011011001000100
0100010010001011
1011111000101010
0110101100101000
1001000111110010
1000010000001011
0111110010111011
1101100111100100
0101100011000111
1100011101010111
0100010001010001
1101001111001010
1010111110001110
1101111111001100
0011011111101111
0011001001111111
0100000011111100
0101110000011011
1100010010010100
1001011101101101
0001010011011001
0100000110001101
0100111100011100
0100010111000000
1111111111001110
0011101111100101
1001011101111010
1110101100110010
1101000000110101
0000000101010011
1000000110100000
0111111110001010
0111011000001101
0110010000111111
1110110010100111
1001010110011100
1011011011010010
0100011111100010
0011001101001110
0011001010011011
1110000011101110
1110110000011110
1011111010101011
1001000100011010
1001101100111010
0010011100111011
0110001100111101
0111001000000000
0000110000011100
1000000100110100
0100000010110110
0110000011011101
1000110011100100
0010110001000111
1110011001100001
1100000011001110
0101010100010101
1101011011101110
1101101000000100
1001111110101111
1101111000010001
0010011001011111
0010010100010110
1100111011111001
0110101001100010
0110110100000001
0111100111001100
1111100100110011
0001111000000111
1111011011101111
1011001000000111
0100100000010111
0110011000110111
0110101001010011
0100100100010100
1111000010001101
0011010101010111
1110010100001010
1110011111111011
0001110000110101
0011100110001101
1101001111101110
1100011000011110
0100111111001110
0001010101101001
1001010100010001
1111100011111111
0100001100001011
0100000010111001
1110101001011101
0011101010101111
0110001100110110
1010000100110110
0001010011111011
0101110110100000
1100001110000110
1011011010100100
0000111010101101
1001110011010101
1110011000010110
0000101011011011
0111100000111111
1100101101000010
0101010111000011
1100101000111000
0010010110000101
1101011011100010
0011010010101110
1110000010011110
1010110010101011
1001001101101001
0011000011100100
1110011111001000
1101011010111011
0110001011101110
0011011111100100
1101111010110001
1101010100111111
1101000000100100
1000111111000011
1101000100111001
0010101011001010
0111000101101000
0100001110001101
0100001000011011
1110111111101100
1111100100100000
1001000101010110
1111000010000010
1110110000001110
0010000000111101
1000101010111011
1111101000100101
0111011111101110
0001100101100001
0010000100011001
0010111101111001
0000100111110011
1011000011010100
1010011010101111
1010111100100001
1001101000100110
0011001001011001
1110000101111000
1110110010111001
1101111111000110
0110101000010010
1010010110011110
1111101110100110
1100100100100000
1100110100010110
1011100001110111
1100011100101101
1110110001000110
0010100011000101
0110011101111010
1101001111110111
0100000001011110
1110100000010000
1010011100100100
1001001000000001
0111101100011010
1001010011110011
0011110110101001
0110110110010101
1010101100000110
0110100000110111
1100100000011111
1100101001000110
0100001011110011
1010101001111100
0111001010111000
1111000100011111
0011110010101011
1111000000100010
0110101010011100
1000000010100000
1001001100110100
1110011110100110
0111110100011101
0100010101000100
0010110010110010
0110101010011001
0011000000110010
0100101011000101
1100011001001100
0000110000000001
0010110110110101
0000111101000110
1001001101011110
1001111001001110
1111101000000001
0010011100000001
0001011110100001
0010111011011111
1011011011000101
1100011110111010
1111101111101011
1011100010001101
0111001011101110
1111001111001000
1110000110000100
1110000001000010
1111001101100001
0011001001000100
1101100111100000
1011011111101100
0000111011000110
1111011101100110
0110011011111111
1110110100011001
1100011011001111
1111101110000001
1100110111101000
0101101010111011
0111010110111101
1011001001001001
1010001001011100
0001101001110000
1100001011001101
1001111011100011
1101001111000101
1011001010010101
0000011000100011
1010001110101101
0100000101100011
0000100000001000
0010101100000001
1110011011010011
0000010101001001
1110100111111101
1100100100000000
0101100100100110
1000000101100101
0010011011001000
0001110010011100
0011110110011001
1001110111011101
1111010010010001
0000110101011010
0100111110100000
1011101000111100
0010011100001110
1100100000001101
0000111001000010
1000100011010111
1100001011100101
0011000100001111
0000010100010101
1010001110011010
0110110000010110
0110111001001101
1000000010010000
1100000101110100
0010101010010010
0011111110111001
1101010101111101
1101101111001010
0001110101100001
1100001001110010
0101000110011011
1110111000110010
1100110101000001
0010000110001011
0011010100100011
0100111100010011
1011010101010011
1100011011011111
1110010001100100
1101111100000001
0000011111001111
1000101001101011
0101010010111001
0001110111001101
0110100011101110
0001100000110110
0110111001110101
1110000011010000
1100111010000110
1100001010010110
0111000000011111
1001000001011010
0100000101110011
0000111001011011
1011111010110010
1101001110111011
1001011010001101
0000110110101010
1110010110110010
1000001100101100
0011110001011001
0011100100111101
0000111110100011
0100000111000100
1100010011000101
1111000100000100
1011110111000011
1001010111011101
0001110110011011
0000101110001010
1111011001000000
0000001000001001
0001100001111110
0001000111110101
0011001000010101
1110000001010100
1101110001000011
1101011110010100
0101110010111000
1110110111101111
0101000011110010
0101000001100000
0101011101110111
1011110001101111
1001010101100010
0000111100101110
1110000100110110
0010001101101010
0100001001100111
1011100101100101
0000001100110000
0100010001110000
1011110111110100
1100100101100011
0100010101100000
1011100000100011
1100001101000001
1110101101000010
1010101000010000
0111111110101011
0010001110000110
0001110110011010
0001001001001101
1110110110001001
1110000010011111
1100001100000100
0011011101111011
0101100001110011
1100011100001001
0100110010011111
1110110001110011
1101100001110100
1101000011010110
1110010101010111
1101111101001101
1010001011100010
0011111001001110
1111001001101000
1001100001010110
0010110101100001
0001100000001011
0111001001110001
1110000010001101
1010101111010101
1000010111110110
1101111100101010
1100100111110000
0101010110010111
1001011100001100
1001111010001111
1010100010010110
0100000011000110
1111101001010101
0111001001111110
1001000010110101
0100001110110010
0011101011011001
0111110101110000
1000011110110010
0000010010111000
0101100110001110
0010011110101111
1110100000101011
0110001101101111
1010000001100101
0111111110101110
1100000101000110
0001110001000100
0010100011110100
1001000010100100
0000111001010001
1000111000010001
0100111111000101
0100100010111001
1010010001000101
0111011011001011
1101011010001111
1111110100101010
0000101110001101
1001010100101011
1110100001011001
1011000010111101
1000010000110101
1101011010100101
0000011101011011
1100011100010010
0110111000001101
0010111011110000
1000101101101011
1000110000001101
1111000110010110
1001111111100110
0010110101011111
0000001010101110
0110101010110111
0001100001101101
0100101111010000
1010111011100110
1011000010011000
1010100100000100
1011000110001111
1101111011111110
1000110101101000
0010010000000100
1011101111000111
1011011011010101
0100101100001101
0111111110101101
0000001110110111
1100000100011011
1100001010101010
1111011000110101
0001001000000100
0101111011011010
0100000100011011
0111001000110001
0010001010111100
1000001011100100
1011011000000000
0111010110001000
0110101011010011
1110001000111001
1100010010011000
1001110110001000
1100000101110110
0101000101101100
0010111100100001
0010001110111111
1010100110000110
0100111110110101
0100110110000011
1000111101110101
1101110101101001
0101110000110000
1010101010010000
1001011000011100
1101010001111101
1010010110000101
0011110011000111
0000011101001101
1001110000001001
0100001101001001
0110101111111110
0000111111001110
1001110110100010
1010110001010111
0101111000101000
0000000011000000
0011101101010000
1101110001001111
1101111000000010
1011111000001001
0101101000100101
1100111001011010
0010110001111000
0101111110100010
0101101011010111
1100111110001101
1100110011010010
0010001010001011
0000111000010101
1101101110001000
0111000000000001
0000000000110000
1010100001011010
1110111010100000
1001001111111010
0100001001011010
0101001111100001
1001000111101110
1111101101001101
1000010010111011
0110111110111100
0101100001101001
1001001101010001
1010000111000101
0000111010000011
1101111001001111
1001001011010100
0001100010111110
1100101000000000
0101101011001010
1111000000110111
0111000110001100
0100001100010011
0000100001110000
1000010111111001
0000100111100110
0100110010001011
0111100110011100
1100001101100010
1011111000010010
1101100100000101
0011110101011011
0001111101001010
1001000001011011
0100011001001010
1011010010001000
1010000011111101
0101011101001101
0101011001000111
1001011111101110
0011011100010010
1101010000101111
0000101001011001
0100101101001010
1110111110010111
1010000110000100
1101111111110001
0100101011111110
0001000011110000
1000001010000110
0011010110101001
0110010100000100
1101110101111001
1001001100110100
1100110110111101
0000110010101001
0100111010011111
1111010111010100
0110100000101010
0100101100010010
1001011100111101
1000010110110110
1111101100010010
1100010010101100
1000011000011101
0111010000001010
1001000000100110
1111100010110101
1000100010101000
1001010000110011
1001111111001111
1101111110010000
1100100000101010
1110101000111110
1011011100010001
0001101001100010
0100111111000010
0110011101000111
1011000011011010
1010111011110101
1011100000101110
1101011011000011
0100100001101000
1001101001110111
1101101110001110
1100011111111010
1001110110100100
0111000010110000
1001101110110010
1011111100101001
1010100101110010
0111011101001011
1110100001001000
1000110011011000
0001010011011101
1010101101101111
0001101101111101
0110010111011011
0100000111111011
0000000111011011
0001111101111101
1001010100010001
0110000111100110
1111011100001101
1110100110111000
1110101111010101
0100100101101011
1010111100101001
1110110000110100
1111101001010001
1101011000101010
0010100010010100
0001110101010001
1001101010010001
0110011101011110
0000110100101010
0111100010000010
1100000101101001
0001101001111111
1101100101000101
0010010011100111
0110101101010001
1001101010110011
1110011010011100
1000100111100001
1100001010010011
0101010110100110
1001100000011011
1001011001000100
0111001110100010
1110011000000101
1010101101101100
1101101000010100
0101001000011010
0011101111110000
1011101100001100
1011011110000111
0110011011011101
0001001011010110
1001101100110110
1011000100100011
0001011110110011
0000001000110101
0100010101000100
0100100101010101
0000001110110101
1100011010010010
0101010001010100
1110001111011011
1011001011000000
1011010011110001
1111111111000111
0001001110110111
1010001010111110
0010100001001111
0010111110011010
0100001001100011
1001111101011000
1100101000111001
0110000101101010
1100110110011111
1001010001111100
1001000010011001
0010101011110110
1100010010000111
1010000110011110
0101101001110001
0100111111111010
1000001001100000
0000110111111010
1101111011111000
0110010011000001
1101111010110101
1111111111011011
1110101101001101
1000011010010011
0101111000101001
0010010101111011
1110110100001000
1111100010001101
0110111011001000
0110011111111111
1111011001110001
0000100111100001
0110100101011011
1001100000100110
0111010011010100
1111101111011110
0100010001100001
1011101000000101
0100111010110110
1100110101110010
0110000010011011
0000101100101011
0001110010110000
0101000011000100
1000111011000100
0111001001011110
0101011010001101
1001001100000000
1110010000010111
0001001100101000
1101000001011010
0100111000110111
1000011000001011
0100110000101000
0101001110110001
0100100110101110
1100110101001110
0111100011111010
1011011110000110
1010001011010101
0110001110001100
0110001011101010
0000101010000100
0000101111111010
0000011000011001
1111101001100100
1111010101101001
1100000011001110
1011011111011100
0101001011110101
0101001101001011
1101100000001100
1001111001110111
1100111000000101
1000100011000001
0111101111110000
0011000101111001
0101000101100000
1001010101001111
0000101101010110
1010001000100111
0101001101101001
0110000010001000
1010110001000001
0110110010111101
0100010111000110
1000110100001000
1110001011001110
1010001100010110
1000111101000001
1001010001000101
1001100010111110
0110111011011101
1011011000000000
0101111110111100
0101010000100110
0010110110010101
0000110010111100
1000101000110001
0001011011011111
0001010110110010
0101100001111110
1100011100100110
0111001101001001
0100100100000000
0000101010011010
0110010110011100
0100100111110110
1101000001001011
1110110110110011
1011010010010110
0000000001001000
1010110011010101
0110001100001001
1111011101100000
0001110000000011
1001010101110100
1111110011010101
1101100000111100
1110101101100111
0111000111010011
1010010100110001
1001011000001111
1111100010111011
0101010011111110
1001001111011100
1010110100101101
0110001101111010
1111110001010000
0100000000110110
1101100101110010
0110101100100011
1000111001010100
0001101011001111
1111000000011011
1011110010010001
1101100100011110
1101101101100101
0100100101010110
0001011100000101
1100100000010110
1111010100000011
1011000001010110
0111011001101110
1000101101101011
1111011011001110
0101110111000001
0110100110001000
1011111100100011
1000101111011011
1100011101001011
1000010010100000
0111101110010101
0110111110100010
0001110011111011
1010110101101111
0111000111011101
0000010001001011
1100110000111010
1000010000010101
0101101110001100
1000000001100001
0011011101110110
1010000100010010
0101010100110110
0011101011000111
1100100111111000
1011100000000001
1011001100001101
1001100110111000
1100001100010110
0111000010011111
1010100100010000
0100010110000101
0101101100000111
1010010010110110
0011101010111100
1111111111111010
1011011111001001
1001100001110010
1101101100100100
0000101101100011
1010000101100100
1100110001111010
1101001100110010
1101111101111111
0100101001000010
1001101111111001
1011001111110001
0100100101011110
0011001100110010
1011010111100100
1110000101111000
0011111000011101
0000100000011100
0101010111111001
1100100011011101
1000110111001011
1000011010011100
0010000010100110
1100010111111111
1001101001101111
0001011110011010
1001111001110111
0011011100000011
0001001100010000
0011101110100000
0010001111111010
0010000101101100
1011111000100010
1100010000101111
1101011010100101
0111101001000111
0000011011011010
0101101011100101
0111101101000001
1101010100001100
1010011001000110
1000101100101001
1010001101111001
1110000000011011
1101100010011000
1111110001110100
0001001101111001
1011010001110111
0101111101110111
0110101100101101
1110000111110110
1011110111110110
0100010001001111
0100000001100110
1011101000001010
0101010100010010
1101111000010010
0001111111111100
0001001010011100
0110100001111110
0111111011101000
0000100001110110
0100110000011100
1100011100011010
0110011001101000
0010001111001000
1000011110000001
1001011001111010
0011110110100110
1110001001101100
1010001101111111
0111010000100100
1110110111111011
0100111011101110
0110000000011010
1000010110110110
0011011110011111
0011001100011000
1111001110101010
1010011001011001
1110101100110111
1000011110110101
0110111011011011
0101111111111000
1111111001101011
0000000010011001
1100100110010101
1001111101100010
0111101111100111
1010010110000000
1110001110010100
1100011011100010
1011110010110111
1100100110000001
0101111010100111
0000000001100111
1100111110001010
0010001110100111
1110101001000111
1010010111000011
1010100011101000
0100000011000001
1001100100001011
0100100110100110
0010100010101010
0100001101110001
1010111101000100
1111011000000011
0000111100101000
1010011010010100
1100101011000101
1000011010011001
0001111011000100
1000011101110010
1001110001111010
0011011100000011
1001100011110111
0110000011001011
1100111011111001
1110111010111110
1010001000110011
1110110001100111
0010110101110001
0111100011110100
0001100111010110
1001111110000110
1011101111111100
1011000111101001
1010001001011010
1110001101010010
0000010001001001
1010100101010111
0101111101110101
1110100000011001
0001100111010101
0000110111101000
1001110011000110
0110010101010011
1101000101001100
0110101110011100
1000000110111001
1111111010011101
1110100011100001
0011101100001011
1000111001110001
0110001101011010
1010110111001111
1001100011001101
0010100111110101
0010100010010100
1000010100101010
0001101000101100
1100110101011011
0010011100100100
1111001111111110
0100011000001000
1011100111110001
0001010001100101
0111010001000100
1111001000100110
1001111011111011
1000000110011010
1111011111001100
1000110000100101
0010010100001010
1111011010101100
0100001110010101
1101111101000010
0111001110111010
0001111110100010
0010100110001000
0011101000100001
1011100011101101
1100110001010101
0111101001011111
0001101011111010
0011010100110101
1011110100011110
1111000100000100
1000001000000010
0001001000011000
0001101000000011
0001001001100010
0100110100011001
1000100010010100
1110100001001111
0010001010000111
0101001100010111
0000101111110110
1000001110101010
0011011100011010
1111010011111111
1111111001001110
0101110011101100
0110110100010011
0001010111001100
0110010011100111
0101111101100000
0010110110001100
1110110000100001
0101000011000000
0000110000111101
1000110011111111
0000000010000011
0110000010001001
1100100001010011
1101000110111000
1000000101101011
0010101100100110
0110001000000011
1110100111111011
1100101010010101
1001111010100110
0011011100100011
1100011010100111
1011110010101010
1011001100010100
1001101101010000
0111110101100111
1010110101011010
0111100101010111
1011000110110001
1111100101000101
0001001011111011
1101001010010000
1000110000100101
1011101100011100
0110000110101101
0110110001111011
0101100010101110
1000010101011101
0111100111000000
1101100010010011
0011001100101011
0111110100011110
1010001000110010
0010101000101110
0111011010100110
1100100100110000
1110001101111110
1010010000010100
0100110011011001
0011101000110110
0101000001011011
1100111111001011
0111010111101101
0101100111110100
1100100011001101
1101110110000110
0100001001010000
0111011011000000
0101001011010111
1111001000111000
0101111101110100
1010000001000011
0100100010001000
1010110001000001
1110100100011011
0011110100111001
1110000111011111
0110100100001001
0010000001001001
1001000101001101
0101001110000111
0010011100001101
1111010100101111
0101011111111101
0010011000100011
0100111100011101
0100111111011000
1000011010011100
0111110101100011
0001001011011001
0101010101101011
0101110000010011
1111100100010111
1001000100111110
1001101001101000
1001010011111011
1110011111000100
1100000111111001
1101010110011110
1000111011101101
0001000100111110
0000100100110110
0111011011010011
0111101110101100
1000000011101011
0110000011010100
1000010001001111
0010000001001111
0101010110101100
1101001111111010
1110100110111011
1110010101100101
0101000011000110
1001000011111010
0101000011000010
0100101001011001
1011110010111100
0100111101000100
1110011011101011
1110011111110101
0100000010110101
1111100101110011
0111100111011001
1101110100011100
1000001111101101
1011001011110010
0110110010011010
0011000000011101
1100110100010111
0101011111000000
0110111001010111
0011100101011011
1101001110100010
1011111111110011
1011111100110010
0011111000000111
0001001010100000
0110001001111110
0000010111101011
0001010000100110
1110001110100001
1100010011100111
0010100000000111
1010001010001000
1011000100000011
0010101011110001
1101100010100011
1010010011011111
1001111101001100
0011111000101110
0101101001100000
0111000000000010
0001100101110100
0110010011101100
0010111011001110
0000110011011011
1000110011101010
0100111010110000
0110101100101010
1001011010011111
0111111100001110
0011010100100001
0110000111111010
1110011101011100
1110000100010100
0111011101110011
0001010010010001
1011110100000100
1001011111001010
1110101101110110
0010101010010010
0001111101010000
0010100111000111
1010110001010101
0001110101011001
1101110111010100
0100010111011111
1111001000111111
0001111010011010
1110101111101000
1110101010000010
0101100001000110
0101000101101111
0000110010111110
1100000110001001
1100111101011110
0011000000000111
0100100111001010
0110010111000111
0111010001101011
0100110111111100
0001100110010000
1101100000000000
0010101101101011
1001110100111000
0110001000100011
0111011000000010
0001110011110010
0101001101011111
1111011100011111
0010000001110000
0011010110111001
0110111000010010
0010000000000010
1110101001001100
0100110110111111
0110000000111000
1110010111001010
0011100101000000
1101101111000011
0100000111101111
1111100000001110
1110001110011010
0011101100001010
0110011110001101
1000011100001101
0010111010001100
1100010011110111
1110110001111101
1001011000110010
1011011100000110
1001111101010001
1010000010001001
1111100000101010
1100001000110001
1011010111010000
1100001101000011
1001111001110000
1001001110111000
1010010011001101
1001000110000111
1000000001100001
0001101000000101
1011110101110010
0111001101110110
1000101101111010
0001000001011100
0010010011111110
0011000000110101
0100011000100000
1110000101010111
0010011000110000
0001001001111010
1010010111110111
1000111111110001
1111010011101110
1111001000000101
0000110111010101
1011011001011001
0001100101101011
1011111010001100
0011110001011111
0101100010110001
1011000110000010
0100100011011110
1001000000100100
0111010110110101
0111100101010001
1011000001101001
0110010000000010
0101000011101010
1000001100010001
1101000100101011
0111111110010010
1100110001111001
0100110000011101
0101010101000001
1111111110000101
1111000101111110
1000100000100100
1111010001100001
0110101000001001
1100111110000111
1101101101100011
1010000010000100
0010101101011101
0110001011100010
0011000010100110
0110011000011011
0000000010100111
1101110000100000
0110111001010110
1100001111011110
0010011010111111
0000001001110110
0101111111101111
1101101111000101
0000000101111110
1010100101001110
0111101110001110
1011001110101010
1111111111000110
1000100111010011
1101100000000110
1111010010101010
0010011000111010
1100110111000101
1111011101100101
0001100011000111
1101111011111111
1100110011000000
0101000010110010
0101000110011111
0011000110100100
0001110000100000
0110111101010010
0010111011000111
0110111000001001
0010011001111111
0000011000010001
1111000001111001
1111110111001011
0101100101010010
0101111010111100
1111010001000110
0001010110001110
0110101010010110
1111010111100111
1011001010111101
1101110111110000
1001100110001111
1001010101111100
0010011000110010
1011000001111010
0011101010111011
1110111010110100
1101001011101100
0101001000000000
1111001110000101
1010101001101100
0000000011011001
1111110101000001
0000111100010011
0011110001110000
1111000110010110
1100110010000101
1010101100110111
0101011010011011
1111110010110000
1011100101100110
1011110000001110
1000101001110101
1010000100110011
1101000001010011
0101110010011011
0000101111010111
1110111010000011
0111011101101011
0000110000100100
0100000011111000
1011100011010111
0111001000011101
0010011101001101
1111011001000010
1101011100111010
0101101101000001
0110110000110101
1000101000001010
1110001001100101
0101011010100111
1010110110110100
0100010010101010
0010100001000101
1111101011101010
0010001001110011
1111010011011100
1110010001110101
1001100010100101
0101001100001110
1111001101100100
0110011000011010
0110111001101010
1110101011110001
0111100110011101
1001110000111101
0110011010010001
0001111000110011
1000011011101101
1101011111001100
0010001011100100
1011110100000000
0000100101100001
1010110110010010
0111110000000111
1011001100000010
1101001000100110
1010100110000101
1110100011010101
0011101101001011
0001000000101100
1111101100100000
0100111001100000
0010001101101010
0101001111010010
1001111010000001
1101010111000110
1100101100111001
0001000100001000
0001100010100001
1000111101101000
0010000101001100
1101011011100001
1110000011111000
0011101110011000
1011011001101001
0100011010101000
1000100110111100
0010010000000001
0101001011010001
0101100010001110
1100001100101100
0011110010000111
1111101000010000
1111011111111000
0111100000010001
1010111100100010
0101110101110001
0001101101011011
0010100001010111
1011100111100100
0001111111110011
1011000010100101
1000011011000000
1101101110010111
1010011111100111
0010011011010111
1101000010011100
1011110011110101
0100111110000111
1111101000100010
1111010000101100
1101000110110010
1011110101110101
0110001001111111
1010010000010101
0011101100111111
0100100111110101
0110111011000001
0101000110010111
1100010110101111
1101001101001100
0110111110101001
1010011000011101
1000110000101001
0100011001100111
1101011000110000
1110011101001111
0000110011101101
1010111101011111
0100110011110110
1000010111101110
1010111101111010
1011111000001101
0110010101101011
1100110000101001
0010111011010100
0011100111000101
1000000111110010
0001101010010110
1011100011000000
0010100100001101
1000010110100001
0100000001100000
0111010111101000
1110010101111110
0111000011101100
1001001110110100
0100000101111000
0110111100011110
1000010111011000
0010001111011110
1101011100111001
0101001001111011
1101101101111010
0001000011100011
0011100011101000
1101101010011100
1011100111011000
0001100001011000
1010100110001000
1111111000001111
1001011101101110
0100100100010100
0011101011001000
0100100110000010
1010011101101110
0110011011000111
1010110101101101
1111000011011110
0001110110011011
0111010101101111
0101100101010000
1110010100011100
0100110001111010
0111010010101000
0010000001001000
1011110011000111
0000110110010011
1101010111000001
1011101101000100
0100101100010111
1111000000011110
0010100111110011
1110110011010101
1110010011110100
0010011001001110
1110001101100010
1110000111101000
1010010110001101
0101011110010101
1101000010110100
1111010100010100
1011000111100011
1110010110101101
1001011100111111
1100100101010111
1110110111010001
1010001000001000
1001100110100000
1000100010101111
1011011001101010
1001101100011100
0010110101001010
1010000011000111
0110101001100110
1110000110101001
1111111000011111
1101001110111111
1001001010100110
1101010101110000
1001111001000110
0000111001010000
0011100110010010
1000101111101100
0010110110010101
0111110001110001
0001001010000110
1001010100110111
1001100100111010
1000001010101001
1100111010000010
0011000010010101
1100011100011011
1010000010011010
0101011101100111
0010011001111000
0111010001111110
0110111111110100
0110001000001100
1111101111100110
0011001010101100
1101100110010000
1100110100011111
1111111010011100
1011001000000100
1000011010000010
1001111000101111
1001100101001101
0010011011100101
1100100010101011
0110100100100000
0010101111110011
1100100001100110
0000100101110101
0111101101011100
1100010010001101
1011110110010011
0011110000101000
0100100100100000
0000010011101010
0010110100001110
0101111110100100
1110001111011111
0100111100001011
0011000011001011
1010101001000001
1101001001010000
0011001101001110
1111111110110011
0011001011101000
1111111100110010
0000111010111101
0100011011100110
0100001000011110
0110000000000011
1010111001101010
0101001111001111
0110001100111001
0110001111010000
0100000101100111
1010100010111011
0011110011101111
1100101111101111
0010111010110010
1110100111101011
0000111011110000
0011011100111011
0000111011111111
0010101001001101
0110101100100101
0010111011001010
1111001111010011
1011011010100010
0111001011110011
1010101110110100
1010000101110101
1001100000111111
0100111100111000
1101000111011101
1110111110100101
1011110001001011
0111010111111110
0111010110101001
1101011010010011
1101101000101110
1100010001111010
1001010001101111
0111000011010110
1111110011111110
0101000111010110
0101100000011011
0010100010100001
0101100000010110
1100011011011011
1010111111101010
0111000000010001
0001001010001011
1111001011100001
1011111101010000
0100100001001100
1000000100000110
0100101000100110
0111100001111111
0001001001100001
1001000011011011
0000010110000101
0101011011111011
1000011100100110
1000010001101110
0010010011100100
0001001111010111
1011110000101100
1011100010100010
0000010000000010
0110100111010001
1111100111001110
1001100111110011
1101111010001101
0011001100001010
1111011000011100
1000101111111100
0001000111101110
0110110010011100
0011110011110000
1100101011001101
0001011101100010
1101101011111010
1001100110011100
0011100001001000
0011110101011010
1001100100010001
0110000111010100
1110100011100101
1001000011000101
1111111010100011
0110100110000001
1000011110111111
0101001001001001
1000110010010000
1011000010010011
0011011110001101
1100010100110100
0110110001110001
1010100100111000
1000101001001001
1111001100101000
1011010100101101
1100000001111011
0011110000000101
0111001000001110
1000011111111010
0100101001101001
0100100111110101
0011110101010111
0101101011011110
1000100001001111
0011100101000010
0001101110110101
1010011010110000
1110000101100101
1011101001000001
1110001111001100
0000011101110101
1100011101101001
1000011010011110
1100011000011000
0100111001101001
1111010100100001
1011110111010010
1010001101000101
1000100001100001
1011011010011101
0000101111111101
1011011101011010
0001010010001100
0101110110000100
1110100111001111
1001000000011001
1111000000011110
0010000110111101
1101001000010100
0001010100011001
1001010110100000
0111111101110010
1101111110000110
1101000001101011
0101010011000110
0110110110001011
1010101100010011
0011001100011110
0001100101100001
1010000110001100
0110001100011010
0110001010111010
1101101010011111
1100011010001010
1101011110011110
0011000011100000
1011000001110101
1100110001001011
1100011010000010
1010010000111011
0100110011100100
0110111101011101
0100110011110111
1101101001101110
1101011111111001
0011101000000001
1100110000101101
0100100010001000
1101101111100011
0111101110011010
1010011100000001
0100110101001010
1101101010100110
1100111010100100
0100100111110110
0001101011000011
0000010110000101
0000001001001000
0001001111100101
0011101100101001
1010101000100000
0110100110000000
0011110000111100
0110111101111110
0100111101010011
1010001110101110
1100001010101100
1000001001111111
0100000101010011
0110010101100000
0001100000110011
1001000101000110
0100100001111011
0001000011101001
1010100101101110
1010110001011111
0111111110011101
0110000110010110
1111100001110011
1011000100110000
0111100110100000
0100010011000011
0011001110001010
1010100011101010
1101011001000011
1100010001101100
1101101001101111
0001111001000001
1001000010100000
0000111111100101
0111110101010100
0111010110001101
0100101000010111
1100011111010001
0011100111011111
0010000111001110
1001010011100010
1110110001110011
0100000001111110
0010010101000110
1010001110010000
0000111011110101
1110000011100010
0111110000111101
0100100000011000
0110001110011101
0111000011011111
0010110111001100
0110100111001011
1001011111011010
1001101011010101
0110010110011100
0001001110111110
1001101001000111
1000101001000111
0001000101000001
1100000010000111
1100000100110100
1000101110100110
0111000000110000
0010101010100010
1011001110000110
1110001111010010
0001011001000000
1100111011001001
0101101110001101
1011101001111101
1011100101010011
0001011100011100
1011111011101010
1011110010010100
0110011010001100
1011001001110110
0100111010101010
1000001100001001
1110111111111111
0010110101110001
0000100010011111
1001000000110100
0010010011001111
1101010100010010
0000100001100001
0100011010000001
1100000101001011
1011101100100100
1110001000000101
0101100111000001
0000110101000111
0110001111111110
0010000000001010
1001010111100001
0010101101010011
0100001111010010
1001110110101000
0111001001101011
0011011101001110
1101110000111001
1110000111010001
1100110011010110
0000011101001111
1101100110110011
1011001110010010
1011000011000010
0001001000101000
1001100110100010
0101101001000011
0100110000000011
0011110000111110
1000011111011000
1011100010100100
0101011001011011
0011111001100111
0111111110110001
1000101000001110
0001011001101001
1100111001000110
0010100000010010
0011010101000000
0110001011011110
0101010111110001
0111100010011100
0001010000110010
0100101000011100
0010010101001011
0101100001100111
1000101111111001
0000000000101100
1101011111101000
1011111110001100
1111001011010101
1110111010000111
1010010101101010
1011011111001001
0011111100010100
1000100011001000
1001111010000011
1110101110111011
0000010011101001
0010100101011110
0111100101011110
0100101000111000
0011001001010010
0110110000110001
1101001010011011
0101000011011011
0000011101010000
0011010001000000
0011101111011111
1100111011011111
0010101100111011
0100100101000100
0111000111001100
1011001010000001
1010111111011001
0101101000111011
0101001100010001
0000010111110011
1111100111010100
0000000100101011
0111110010110110
1111100011011011
0001101001011001
0011010011011001
0011010010000100
0000101000010110
1011000111100010
0011101111101010
0101011010101110
1100011111110110
1000011111110010
0001100011101000
0111000100111101
0100100000011100
0110011100100111
0011010100111101
1110100000001110
0001000010101100
0101010011111000
0000011111010011
0011010110111110
0111001000011100
0110111010010010
0110111010100110
1111101110011100
1001000110001010
1111011000000000
1100100011000110
1011000000001100
1001110011111011
1101011010000011
1010111011000101
1000010001110000
1101100100111010
0100110101011100
1110110000110001
0111011110011000
0011001101110000
0000111101100000
1010101101010011
1000010110010001
0001110001100000
0100010101100111
1111000001110000
0111101011011111
1011110010001001
0111100010000100
1010010110000001
0011111010000010
0000101110110011
0010111010101101
1100001111000011
1001101010101011
0111010011101111
1011101010011111
0111111000101010
1001011011001101
1101010111011101
0001111010001010
0000001111001101
0011100101011001
0000000000111111
0110101111111101
0110001011100100
0010111000101110
0100000000111101
1011011111010111
1110100000010110
1111111100011001
1110101011001001
1000001010100101
1101000110010100
0101100110110101
1010011111000010
0111010010000101
1010011101111101
0100000111000110
1000100101000010
0011011101000000
1110101111001110
1100011011100100
0010111010010000
1101101100101000
1011011011011100
0101001000001100
0110100101110110
0011100100011110
1000001010100101
0000101111001100
0110011010000101
1000000100011001
0101100100110111
1111110110101010
0010110100000111
0110111110010001
1001001100000111
1110110101110101
0111101000111110
1011110100111111
0111110111101110
0011010101001100
0011001111010001
1010011000111001
0100101111000110
1010111100111101
1000010100111001
0100101001101010
1001111011110111
1111111111010100
1001010101010111
1001010011010100
0110111010011000
1100010000000000
1100000001000001
0001010110101001
0101001111010111
1101100100111110
1001011100111110
0000101011111100
0111011011001100
0010101010000010
1011101111010001
0110111111101010
1111110011100111
1000000111000100
1100001001000001
1110011101111010
0111111011001011
0110011011110101
0100000100000100
1110110101100010
1010110000010010
1001010110101101
1100010001101111
0011001010001101
0011000001101000
1110010000000101
0000010111001000
0011010000010011
1110111000011011
0110111110100000
1010111110110111
1000000111011101
0001011101011110
0110100111100000
1110110110111101
1100010000011110
1011011110111010
0100001001111111
0010100011000011
0110100000111000
0110111111101010
0000010110001100
0100010111001010
0010011001001001
0001011100101101
1101011100100101
1010111011100101
0011010001111101
1110000001100110
1010110001110101
0101101001110000
0011100011100101
0111100111011010
1000110001101111
0011001111000101
0101011000110000
0111011100000110
0010010001100000
1010011000100000
1110000111101011
1001011110001100
0111000100100100
1000111100000100
0000001000011011
1010010010001001
0101001110100010
1101010001010111
1111010010000101
1100100011110100
1011011111010000
0101111001001110
1000010110000110
1101101001011000
1001101010011101
1000001110011101
1101100010011110
1010000100100100
0011101000110001
1001010111100111
1000100101100100
0101111110101011
0010001000000110
1000110111001010
1000011101110000
0111010001011011
0001100011111100
0000111110110000
0111110101010001
0010110001011100
0010111001100011
0100011111111010
1011101011001111
0000011110000101
1011001011001010
1110101100101001
1011110100111111
1101000110101111
1100100000100101
1010011110100101
0010011110011011
0110001101010110
1011000001111111
0101011100000000
1000001110110110
0011100001111110
0010111110010111
0001100111100001
1000011001110110
1000110001100110
1011011001111011
0100100000000000
0100010110111000
1010101001110001
1111000001010100
0111010000001010
1101010110010001
1100010001101000
1101010011001001
1011110000101110
1000011000100010
1001011010011011
0000001010011010
0000000001010111
0001010110011011
0000011111001101
0000111011111111
1101000000101110
1100010110001010
1011100100001110
1000110100111011
1000001110000101
1000010111100010
0001100000110101
1001100011111111
1000100100101110
0111110001100110
1010101110011111
1000011001000001
1001000100100001
0101100000111110
0110111110001100
0000011001111010
0011110001001001
1010100000010010
0111011100011011
1001010000010010
0110001001110111
0010111110010110
1100001000110010
1111111010010011
1001101111100011
1111001001001110
1000101001010000
0110000101100100
0100110111101110
