0011100011000010
0011000100101101
0011000101100100
0011010110110100
0011111110001111
0100100001010101
0010110110011100
0010010001000010
0010100000100100
0011101101101001
0100001001011010
0100011011001111
0100000011001001
0011111000111010
0011001100001111
0010010001011000
0010000000100110
0010101001001110
0010100111000101
0100000111101110
0010101010101101
0100010000101111
0011001110111111
0011000000000001
0010010101101101
0010011011100100
0010101111111100
0010101001011010
0010110110001111
0011010010110000
0010010111001110
0001101110000100
0010100000101111
0010011001001101
0010100001000010
0100000111000011
0011000010101001
0011001000010011
0011011100101011
0011001111110000
0010111010010101
0011111110011110
0010000011010010
0001100001100111
0010011111100100
0011001100001000
0010110111101001
0100000100100011
0100011101011111
0011101111000100
0011011001000000
0011110000101100
0011000100001101
0011000000000110
0011000001001101
0010101110010011
0001111000010010
0010000101100110
0011000000000110
0011010110111010
0011111000111101
0100010011100011
0011101001100101
0011000110110011
0010100101000000
0011010000001110
0011010111001011
0011100010001100
0100110000111000
0010101001111001
0010010100110000
0010110000100100
0011010100011110
0011001001000000
0011001000110110
0100000000001100
0010111001111110
0010000111010101
0001100111111110
0010011011001000
0010011100000001
0010011100100000
0010111100000101
0011000110000011
0010101011010111
0010110100101100
0010001111111000
0011000111110101
0011010011110111
0010111101001100
0011010011101101
0010001001100100
0010101111011101
0010000001110001
0001111101001101
0001110001001000
0010100010100011
0010010000101011
0011000011101101
0011011011111111
0011111111011001
0011101001001010
0100011100101110
0011110100001101
0011010010100000
0001101110001000
0001101100110010
0010101000111101
0010001001111011
0011010100111011
0100001000010110
0100000010010001
0011010110000010
0011000100101010
0011000000111010
0011001101011101
0011000101110001
0011010001001010
0010000101110010
0001100110010001
0010101010100001
0011101110000100
0011110000010101
0100011110101000
0010110100001110
0010111010111100
0011000110110001
0001111011111011
0011011010111011
0010110110001111
0011010101110000
0011101000100000
0011001010111001
0010000000011111
0010110111001111
0011011000010110
0010101101110001
0010111001001010
0011101001100110
0010101010110100
0010000111111001
0010101111111101
0010111011101101
0011001000111100
0001101110010000
0010011110010010
0010010010101000
0010111000010011
0010010101000111
0010010001110101
0011110010110100
0011110001100000
0011011000100010
0010010111000011
0010110011101011
0011000101001100
0010010110011001
0001101010101001
0010011101101101
0010010110001011
0001111101110111
0010111000000011
0011011111000001
0011100101001000
0011011000110011
0011111110010000
0010101101110011
0010100111001100
0001011000000110
0011001011110101
0010101010011010
0010010100010100
0011000100000111
0011110010010000
0100100010000001
0100000010111111
0011100001000001
0010110100111100
0010101111011011
0010101110001111
0010000011010110
0010000110101001
0010011000011001
0011100000010111
0011001010001010
0011101000001111
0011000011011111
0100000111111111
0011011011011110
0010010101011100
0010010000000010
0010010010011111
0011011010111110
0010010101110011
0011011001110000
0011110101001110
0010001001001000
0010001001111101
0011001101010100
0011000111100010
0011100010100101
0011010001101011
0011101010010000
0011101100110111
0010100100111111
0011110011110011
0011000110010101
0010001101001001
0010010010011011
0001010101110001
0011011100001100
0010101011010011
0011001110110011
0011000010101011
0011100111110111
0100000101000000
0011010011111100
0010111011101111
0011011101010010
0010000111101101
0010110001010100
0010110010001010
0011101111010101
0010001101000111
0011010000010010
0011001101010100
0010010110011001
0011000001100000
0011000011010110
0010100011111001
0010011001101110
0010100110010111
0010111110011111
0010010000010101
0010000011101101
0011000011110001
0100011000100110
0100001110101011
0011101101011000
0010100011011101
0011001000110001
0011110001101010
0010001111000101
0010101000001100
0010011101000001
0011010111011000
0100001101100110
0100000001100001
0010000101101010
0100100101011110
0100111001100100
0100001101000011
0010100110100101
0010011001110110
0010111010011100
0010101101011111
0011010100010101
0011101110100001
0011101110000010
0011010010001101
0011110000111110
0010101100100001
0011111110110111
0010111001001101
0011111000011010
0100000111110010
0011101000000001
0011000010100011
0011011011111100
0011010101011000
0010100100110001
0010011111000101
0010100001111000
0011010010001100
0011110111011100
0010011111111011
0010110100001100
0011011011000101
0011011011001001
0011000010001100
0011011100111001
0010100101100110
0010101111101100
0010110100000010
0011011011111011
0011110010110011
0010111110000101
0010101000101111
0010101101101101
0010001100001011
0010101010111100
0010101010101011
0010111001000001
0011010110010101
0010110000011010
0011001001111011
0001111110100001
0010110100100010
0011100100110100
0011110110111001
0011010110101101
0011100110010001
0010010110011011
0010000100101111
0010110100100010
0011110110000011
0011001101000111
0100001001000110
0011101001111101
0100110000111100
0010101110100111
0011001011100111
0101001111010100
0100101011000010
0011010110011110
0010010101011111
0010011011110001
0011001100010000
0011111110000110
0011101111110101
0100001111111010
0011110011101000
0011010110010100
0011011100010100
0100000101110111
0011000101010101
0011101101101111
0011100011001000
0011011100100111
0011011000111010
0010010001110011
0010110111011100
0011110101110000
0010111010100110
0010111110000011
0010010011100011
0010110000100011
0010111100011110
0011001100111001
0010110000011001
0010111111101001
0011001111101111
0011000000101000
0010100111110100
0010011111010101
0010111011100000
0011111001101001
0011100011110000
0011011100101101
0010110100001111
0010001111110110
0010110100111000
0011011100000110
0011010010001110
0010101001010111
0011011010011001
0011001100001100
0010110011010001
0010011001110010
0011011100110011
0011001100001011
0011001011111001
0100010100111110
0011100011000011
0011110111000011
0010000111010110
0010000110100110
0011010011110101
0011101111111000
0100010111110100
0100001100101100
0011110100000110
0011101111111010
0100000111010100
0011010101010100
0011111101111100
0011000011011101
0010101010000101
0011001010011010
0010100111100110
0011001111001100
0011101111000111
0100000110111001
0011101001010010
0011010001110101
0010111011010100
0100001101001011
0100000100001001
0011101100101101
0010010101111111
0011011100001101
0011111010000001
0010011001011000
0001101111110100
0010111001100001
0010111100000100
0011001100000011
0010000101111000
0010100000011001
0010110101000111
0011100110001111
0011001100011000
0010101010111011
0010110110110001
0010111100100011
0011000100111000
0010001001001001
0011000100100000
0011011111010110
0100001000000001
0011011100101011
0011000111001101
0011010011011101
0011010111100100
0011110100110100
0011101001100101
0010111110111100
0010100110000100
0010111110000100
0010010100001101
0010000000011100
0011010110011011
0011101010010100
0011101110001001
0011010110111100
0100110100100111
0100000110101101
0011010011010110
0010101110011111
0011010011101010
0011100001000011
0100011001100000
0011101100100100
0011111100001111
0011100101001011
0011101101110001
0011010110001011
0010010000111001
0010101010001100
0011001011001011
0010101100100001
0010011010010001
0010011111000110
0010110101011110
0011110100010001
0010111010101101
0011001000001100
0011011010110100
0011011111101101
0100000101000110
0100001101101001
0011101010001000
0011001111100000
0011010100110100
0011000011001000
0010010010111011
0010001000100001
0010100001111010
0010110010101110
0011000101110001
0010100111101011
0011001011100001
0011011110000100
0010111000010011
0011001101001100
0010001111111100
0010000110100111
0011010111110011
0011100001000110
0011010001001000
0011001111010110
0011011101110010
0011100011111110
0100101110100111
0011100011110110
0100010100010011
0011101101011111
0011111100001001
0011101111011000
0010100001001100
0001111001100100
0010001001101001
0010110000001111
0011001001011111
0010110110100111
0011010011011100
0100000000100110
0100000100000100
0101000001111110
0100000111101101
0011010001111001
0010101010001001
0011111011111101
0011101101001110
0011010010111110
0011010001100100
0011011101101110
0011101110101001
0010001111011010
0010000001010001
0010011001000001
0011011011101011
0011000100000001
0001111101000011
0010101100010110
0001111110000000
0010100101100101
0010100000011100
0010010111111000
0011011011100101
0011100110100100
0100001100100011
0011110001011011
0010111101001011
0011110100001110
0011100010101001
0011100001110001
0011010110100010
0010001110101110
0010011100011111
0010011101010001
0010111110111001
0011110001110011
0011001100100100
0011010100110000
0011011011000001
0010101010110010
0011001010101010
0010110110000010
0001111110101100
0011011111111111
0011111011011101
0010100110100010
0100000000010111
0011110000110101
0100001111011010
0100101010110100
0100110111000010
0100110011111110
0100000011000001
0011100110101011
0010100010101000
0011000011101001
0001100000100001
0010010100111000
0010111100101100
0011010011100101
0010100010101001
0010011111011101
0011101110110001
0100101111101000
0100101001011000
0011101101111101
0011000001100100
0011000010001000
0011010111011111
0011100001011111
0010110001100010
0011100100101000
0011001110111100
0010111111110001
0001001111001110
0001101011011000
0011000100111100
0010000010111101
0010011110100001
0011000000000010
0010100111100101
0001110001111110
0010010111000011
0010101010101010
0011001001111111
0011111000001010
0011101011110101
0011010010111110
0011000011110011
0011001011001000
0011011111001100
0011110011001000
0011001111000101
0010010000100100
0010101001011111
0001110001100111
0011011011011000
0011011101001000
0011101011001011
0010111001000001
0010111011101100
0011111111001100
0011111001101001
0100001010101000
0011011011100001
0010110001011101
0100000010110010
0011010100111010
0010111100100100
0100010001011000
0101001001011000
0100101000110010
0101001111110110
0100001100111111
0011101000000100
0011110010001100
0011000001100010
0010011111111101
0010001001100101
0001110110000010
0010000111100011
0011101001000110
0010101101011001
0010011111010000
0010111110001100
0010101111001001
0011101001001101
0011011101111010
0010101100110101
0010101100100010
0011100011000110
0100000000111101
0010110100100111
0010001100011001
0010010011001110
0010000010111010
0001110001100100
0001001111110010
0001000000100111
0001100111001111
0011000101001100
0011110100110100
0100000001000001
0010101001101110
0010000111011011
0010100010100011
0011001101101011
0011111001010100
0100000100110000
0011101010001001
0011001110110001
0011011110101101
0011001001111000
0011101101101000
0011001010011010
0011010011001111
0010111111101101
0010100111110000
0010111100011100
0010100111001000
0010100100101101
0011011001000011
0011010000011101
0011010100101110
0011110101101011
0011111011101111
0100010000001000
0010110011111110
0010101000110010
0100010001010001
0010111011110111
0010011010000010
0100011010010000
0011111100111111
0100001100000110
0011100110000001
0011000000010001
0010011110010001
0010111011111111
0010110101010100
0010000000100011
0010000010111100
0010010100101000
0011110110110000
0011000100111111
0010100011101111
0010000010011101
0010101101000001
0011010111011111
0010001011001110
0011001001000000
0011100000100111
0100000100101010
0100000001100110
0011000101110110
0010101110011001
0001111011001110
0001111011010101
0001110011111001
0001110011001001
0001101001100010
0000111110010000
0010100100110011
0100001010000010
0100100101000000
0011000001011110
0010001100101000
0001101100111111
0010101111000001
0011100101110011
0011110000100111
0011110000010001
0011101101000011
0011110010000000
0011001000000111
0011011100010101
0100000011111100
0011011000000111
0010100011101101
0010010101000001
0010111100110101
0010000000101000
0010001110100111
0010101110101011
0010100111101110
0010111001001010
0010101101101000
0010101111100010
0011010000110010
0011000001110011
0010100011011101
0010010010111111
0011011000101101
0010001100110010
0010000001001001
0011000110000010
0010010110010100
0010010110011011
0010110111011101
0011000001100110
0011001100100100
0011101000001011
0011011010001000
0010001101100111
0010110010101111
0010101110100110
0011110110001011
0010101110110111
0010010111000101
0010110010011000
0011010011111100
0010101000010100
0010001111100101
0011000011010100
0100101111101001
0100001011110101
0011111001001010
0011100010100111
0010110011111011
0010110111011111
0010101110001010
0011100001001110
0011011100011111
0010101011011001
0010111111010101
0011010011001001
0100011010001110
0010111010111111
0010110101000000
0001101110110010
0010011011101110
0011011000001000
0011010101100101
0011100111010100
0011110010111111
0010110100000001
0010100010001011
0010011110101101
0010111111010001
0011101010111100
0011001111010110
0010111011000101
0001011110010100
0010001111000101
0010010010111010
0010111111011110
0010101101000111
0011000011000000
0010101010110100
0010101101110101
0011000011001101
0001100101000010
0010010011001000
0010001100000010
0010001100110101
0011000010111111
0010001111101111
0010011011101011
0011000010100100
0010001001010111
0011000110111101
0011000110100111
0011000001011111
0011010100100010
0011100101111011
0010110100101101
0010110001010000
0010011100101010
0010010111110101
0010100000100001
0001111011100110
0011001111100000
0011111111111001
0011000110010011
0010110010111101
0001100010111110
0011000110010110
0011101100100100
0011101011000010
0001111110101001
0011001111000101
0100000110010000
0010111011000101
0011110100101001
0100100010000110
0011010010111100
0011111000011010
0010101100111111
0011110000100110
0011110011101010
0011100111101010
0010000110011010
0001111100101010
0010110010011111
0011001000010000
0011001010101001
0011101111011110
0100100000000101
0010111011011001
0001010111100010
0010001100001010
0011011111101110
0011011010000110
0011100111011100
0010000011001110
0001111100100100
0001110000010101
0010111110010100
0011101110100111
0011100111101010
0010111001011011
0010111110001011
0011100110010110
0010111000110001
0010000111000011
0010101000110101
0011000000000110
0011000011100110
0011011001111011
0010011001100110
0010101100000011
0011111010011000
0011000100001011
0011000101001101
0010111100111011
0011110000100001
0010110111110110
0010011000101110
0010101101010011
0010010111101101
0010101100100101
0010001101011101
0001111111101010
0011010111000011
0100010001001010
0011110011010100
0010010111101110
0001100101110000
0000111101111101
0001101010111100
0011011001101110
0010111101000001
0011010001010001
0011011000111110
0011000101111011
0011001001110010
0011010101100100
0011110000110011
0010110111100110
0011011101110010
0011101011010010
0010110000010111
0011100111010010
0010100000110101
0010101001010100
0001111011101101
0010111010000100
0010101011000101
0011100111101011
0011001110111000
0011010100111011
0010011011110011
0010001010000110
0011011110010110
0011010111000111
0011111001111001
0011000100110001
0010011001111011
0010001101011000
0010110110111000
0010110110001001
0011100111011111
0011000100010011
0001101111100111
0011001100101110
0010111110011101
0010111101110010
0011001010110000
0010101111011011
0010111101101001
0010110100110001
0011000111001011
0011001010100101
0011011100011111
0011111000010001
0011001000001110
0011000100011111
0010110010101000
0010111011010111
0011100000100100
0010100001110000
0010011000110000
0011011100101000
0010110011110110
0011001011101010
0010110100101010
0011110110010000
0011110000100101
0011000110100101
0001011111110111
0001110011100110
0001011001010000
0011000111111010
0011011001010011
0011100111101001
0010110111101001
0010110100010110
0011111011100011
0011011010000101
0010111001111010
0011000011010110
0010011100111101
0011101110011101
0011000100000001
0011010101010110
0010100011111100
0010101111000111
0010000001101100
0010010000110111
0011000101000001
0010110110011100
0011001101110100
0011001101001111
0011011110010001
0010010010101111
0010101011011111
0011011010110110
0011111101010100
0010101011110000
0011100111011010
0010011011010101
0011011011111011
0011001100001100
0011010101001100
0010000001110100
0010001000000011
0010010100111011
0010101110011111
0010101111111110
0011000011001011
0011000000101010
0010110111010100
0011001100011101
0011101111011111
0011001111100000
0010111110010011
0011100011011111
0011110010110010
0011001000000110
0010111000111100
0011001000000110
0011011010111011
0011101011010010
0011001001011101
0010011001100001
0010111110000101
0010110001101011
0011100101001111
0011000100011101
0011001101110100
0011010100101111
0010111100000111
0011010010010001
0010100001001000
0010110101100000
0010010110110101
0011000011010110
0010101010001001
0010101110110111
0011000000100000
0100001110000010
0011101011110101
0010110000011101
0010101110001000
0010010010011011
0010110000100100
0011010101100000
0011000111001001
0010100110000000
0010001110010101
0011010110101101
0011011101101011
0011110000000111
0010110100010111
0010001100001100
0010011110000111
0011010101101100
0011000100101001
0011001111111011
0011110110101010
0010011100111001
0010011110110011
0011000000011101
0011001010111101
0011111111100111
0011100010110001
0010110110100101
0010010111101011
0011010000111110
0011010101100001
0010100100010010
0010111111010001
0010101001100101
0100000001000010
0011111101110111
0100100000010001
0100011001111101
0011100011101100
0011001111111100
0010101000000101
0011100010000111
0010010110101110
0010100010000110
0011000110101000
0011101111100111
0011001110110110
0010010101001000
0010100001100110
0010100111111101
0010101001110001
0100011001000101
0010100001100000
0011001000101000
0011111001110110
0011110100111101
0011110101001000
0011001100101111
0010100110000100
0010011101011101
0010010101100100
0011011110001001
0011011111110111
0100000111010110
0100010000010011
0100001000011011
0010101001011100
0010011000001100
0001101101000010
0010110010010000
0010111011000000
0010100011111011
0011011000101100
0011000010010011
0011010000001010
0011101000000001
0011011111101110
0011011110001001
0010010100010001
0010110101100011
0010111111011101
0011001010000100
0011000110111001
0010111001110000
0010110111010000
0010011000001000
0100000111000101
0010110011011111
0011110101100100
0011101001101000
0011000101100111
0011000111011101
0011001011110111
0011001001011110
0010011010110011
0010111100011111
0011011110100001
0011101000111011
0100101101000010
0100011111100111
0100010111011111
0010011000110001
0010100100010000
0010101000010101
0010000111000100
0011010000101111
0011010000111000
0011110110111111
0011000011010100
0001100101100011
0001111100111110
0010100111001011
0010110000001001
0011011100100000
0011110001000110
0011111111111001
0011101101000001
0011011000101001
0011110111111000
0011101011001001
0011111110111001
0011011010110100
0010111011111110
0011011110100011
0010011011110111
0011010010111001
0011101011110100
0100000001110010
0100001011001100
0010011011100001
0001100110101110
0010011111101000
0011001100001110
0010111010000011
0011011000100110
0011000001100100
0010110101100010
0011001000010100
0011010011011101
0011000010111010
0011000011101100
0011001111110111
0010110111101111
0011111001011010
0011000000100001
0011000101001110
0011101010011000
0010111000101000
0011010100101111
0011111101010011
0011010110110110
0010101011101111
0010010000101101
0010111011000111
0010101110010110
0010100000110011
0010110110010011
0011011010011001
0011011110110111
0010100001111100
0011001110010010
0011010001110110
0100000101111001
0011000011011100
0010111100011011
0010110010111010
0010110101000000
0010101110000010
0011010011101010
0011101001000001
0011101001100100
0010101111101101
0010010101100110
0010101001101010
0010110101010110
0010100110001110
0010100111011000
0011110000000111
0100010011010100
0011100000010010
0011101101111111
0010100110100100
0100110010010001
0100000011011111
0010100000011101
0010100001000111
0010110110100011
0011001011101001
0010100111011110
0011010001100010
0011111010010010
0011011110001110
0011000101000110
0010011110110011
0010110101001000
0100000110010101
0011010101011101
0011011101100011
0011000011101011
0001110011011000
0010100001100101
0011100101100100
0010001101000110
0011010111001010
0010010100001010
0010111100110100
0010110111110100
0100011011110110
0100010101010111
0011111010001000
0011001011000010
0011000110001111
0011001001010100
0011001101100110
0010010110001100
0010001010000010
0010010111000100
0010100001000100
0010011010100010
0011111011001100
0100000010110100
0011010100111010
0010001101011010
0001110000001001
0010110100000101
0010100011001101
0010111011001111
0010111101110111
0011000100110000
0011000110111010
0010111001010100
0010101010101011
0010111101011100
0011011110111110
0011110110101010
0010011110000000
0010100100010110
0010100110100010
0001100110010001
0010001010000101
0011011001000100
0011110101110111
0011100101000010
0010001111001010
0100011001010001
0100110011001010
0011111100110011
0010011000001011
0010111110111100
0011011111111010
0011110001011101
0011100100100110
0011101000100110
0011010010001111
0011001100100110
0011010111111101
0010111100001100
0010011101101011
0010110011110011
0011110110010111
0011110001000100
0010101001010011
0010011001011010
0010100111110101
0010101111100100
0010111110000101
0010010011001110
0010010110010000
0010001100100011
0011001000010110
0100101000001101
0100001001101010
0011000011101100
0010110000011111
0010101001100010
0010101001100101
0010101000100100
0010010110110000
0001110010001001
0001110011101001
0010110111010001
0011110000100110
0101001001000110
0011111100001110
0011100010111111
0011011010000111
0010001000110011
0010011111100111
0010010011111101
0001110000110111
0011000001111110
0011010001010000
0011010110001110
0001110011110011
0001110001110010
0010000010010000
0011111010100001
0011011001001011
0011101001011011
0010000011011011
0001111101110000
0010011001101111
0011000001101011
0010011010000100
0010101011001110
0010001111110100
0100100110101010
0100010010100011
0100000111110000
0011001001111011
0011000111001110
0011101100111101
0011011010101111
0011100010100000
0011111111001000
0011011011110110
0011000110100111
0010100011111110
0011100100110101
0011000000110000
0010011101101111
0010111100000010
0011010001000011
0010100111111000
0010101010010010
0010011111100100
0011000101010010
0010101111110110
0001110111100110
0010110011101101
0010001110011110
0010100001101000
0010100110001010
0011010101110000
0011010001100010
0011000110100100
0010000101111100
0010011100011000
0010101001111001
0010101010010111
0001110111001100
0010010001011110
0010101111110010
0011001010001011
0011110100110001
0011111011110011
0100000010011000
0011100011100001
0011000111111101
0011001111110100
0010011100100110
0010110001110010
0010000011110110
0011011101111110
0011101110001100
0011000110010101
0001110010000011
0001010111111010
0010101111000110
0011000010000000
0100001100001011
0010011001111110
0010011100001100
0010110010011001
0010101011111001
0010001001111010
0001111001101111
0001111110100000
0100011001000001
0011111110010111
0011100001011101
0011011000110011
0011110000100010
0010011010001110
0010101100111010
0011010011010100
0011110010001010
0011001001010010
0010101011100000
0010101011010000
0010000111110111
0010111011011110
0011010101101000
0011100110100011
0010011110011101
0011010011101111
0010001010011101
0011000001100011
0011010010000100
0011000010111011
0010000111101010
0001111010010111
0010001010001110
0010110100000001
0011000001010000
0010101100010100
0011011010101011
0010111100011011
0010100100100010
0010001011111111
0010011111000001
0010011110001100
0010001001011101
0001111111111101
0011000001010011
0010100110101110
0011101111100000
0010101011101001
0011101000100111
0010011111010101
0011100111001110
0100011000110111
0011100111001100
0011001100111010
0010111011011010
0010101001111101
0011101001001001
0011001110100001
0010111111111001
0010001111100000
0011010101111010
0011110100001100
0011001110100100
0010101100011001
0010001000111001
0010110100000111
0011011001000000
0010100111110111
0010001000110001
0010000101101111
0011011000010000
0100001101111110
0011011100001001
0010110001100011
0010001100111011
0010101011111100
0011010001111010
0010110110010100
0010011111101110
0010111101010001
0010110111010010
0010010111011111
0010011110101011
0010110111010110
0011000001110101
0011100100001100
0011001010000010
0011001101111111
0010011111101100
0010101011111100
0010111110010000
0011101110010111
0011000100110101
0010000111011100
0010110011000010
0011011010010101
0011011100000010
0100000000001101
0011000000011001
0010101000100011
0011101000101110
0010100001010001
0010001110111000
0010111001001010
0011100011001100
0010100000000100
0010111001110111
0010111001100000
0011001110101101
0010101101100101
0011001011000110
0011001010010010
0011011101011101
0011011010001001
0100110101110011
0011010011100011
0011000110010101
0011011000001010
0001110010001001
0010100110010000
0011000000110001
0011100000100100
0100011101010010
0100000110000110
0100000100111111
0011001000101011
0010110100100100
0011000001001000
0010111101101101
0011101101101001
0011010110001000
0010100110011111
0011110111111110
0010111110010001
0011000101011010
0011010101110101
0011101100000110
0011010100111110
0011011000011110
0010111011111001
0010011011110010
0010001110001100
0010001110000010
0001101110001001
0010011110011010
0011010100101100
0011011110101111
0011011100101010
0010010011011100
0011101011100100
0010011101010100
0011010000101110
0010110101101010
0010010010100010
0011001001110010
0010110010111100
0011100100000110
0100011111101010
0100010000111011
0100000010100100
0010101110101101
0011100000010011
0011001000001001
0010011110111101
0011010110111100
0010111110001001
0011101101101001
0011010111101100
0011100011011010
0010101110010100
0011001111110110
0010110011011011
0011111000101001
0010110010010100
0011110101111110
0010101011010000
0011010111010001
0010111100101101
0011101011111010
0011001110110010
0011100000111100
0010001110000101
0011001100000011
0011101110111111
0100010001000000
0100000110011100
0011110110011110
0011111101101000
0010101110011101
0011001111011001
0011100000100110
0011100101101001
0011001100001000
0010101001000000
0010110111110101
0010111010101100
0011100011011110
0011000011001111
0011111001000101
0100000011110101
0011010111101111
0011110010011101
0011000110011110
0010010001101101
0010010001111100
0001111010011100
0001111011100010
0010111110101000
0011111101011000
0100010000011110
0010011001000010
0010101001111101
0010010011100101
0010110110001000
0010010000011001
0010111110011000
0011000100010111
0010110011001010
0011001010011110
0011100101010010
0011100001001000
0011010010111111
0010101111001111
0011110110101101
0011110111001000
0010110111001000
0010110001011001
0010010010101011
0011110110111000
0011011111011110
0100001011010111
0011011110111110
0011010010000101
0010100010010000
0011001000111110
0011011000011010
0010111000111111
0011001100100100
0011011111010001
0010010010101010
0011001101001100
0011000000011001
0100000001000001
0011011001101111
0011010011100001
0100101001101111
0100001000100011
0100001000010100
0011001101110010
0010111011011000
0010111001101010
0011001110111010
0010110110101011
0010111101000100
0010110101111110
0010110101110011
0010010001100000
0010110000010100
0011000111110000
0010111000111101
0011110111010010
0100010010001001
0100000011011101
0011100000101110
0011101110110100
0011101100101011
0010010101111010
0001110010111100
0010100100010011
0011010011110101
0011111111111001
0011010001011000
0010101101101111
0010001111110110
0001110011101011
0010111110100101
0011000000001110
0010111101101000
0010101110011001
0010010110011100
0011011101001010
0010111001011011
0011001000001110
0010111011100100
0010011000001000
0011100001100011
0011010000011001
0011000101111101
0010001001111101
0001101100001001
0010011010111111
0010101101011011
0011011010111111
0011101011010101
0011111010101111
0011011010001111
0011000000010001
0010100001000101
0100010001010010
0010111000110101
0011110101001111
0011000101110011
0010101110100100
0001011011010001
0011101001110010
0011100110110110
0011111110110110
0100010010101000
0100000100110001
0100000001011000
0011001001100101
0010111110010111
0010111011011001
0011001101110111
0010010110010110
0010100011110100
0010010111011110
0011001010101111
0011000111111101
0010011101111111
0011111111111111
0011001111000000
0010110101010100
0011001011000011
0100000001100010
0011101101111000
0011010100001100
0011011011011110
0011010011011110
0010010110010011
0010000001110110
0011001010101111
0011100010001110
0011001000010000
0010010101101101
0010010101001111
0001100010111111
0010010011000100
0010001010111010
0010111000101000
0011011001100000
0100000110011010
0010111111001010
0010101100011111
0001110011000001
0010010111010111
0010110000000001
0010111101010111
0011101101110111
0011000100010001
0010110111011010
0010000101110110
0010001011100000
0011011101000001
0011001001010111
0010101001011000
0011011111101100
0011100010011100
0011100001001101
0011010111001110
0011010000101111
0011111111010010
0100000110000110
0100001111001111
0010110011111010
0001111000101000
0010010100110101
0010011011001000
0011110011111000
0011010000010110
0100010100101001
0100000010000100
0010100011010011
0011111000001100
0010100110111100
0011011010110110
0011001011110000
0011011011001010
0011000000011110
0011010001100111
0011100000100011
0010110111110111
0010101010000011
0011010110001011
0011111001001111
0010101001110100
0010111000101110
0011100111010001
0011010101011001
0011100110010000
0011010011000110
0010111000100101
0011010010000111
0011101111011111
0011010101100101
0011000011101011
0010101011001111
0011100001100111
0010111100000001
0010000011111101
0010001111110010
0010000011100101
0001110000011000
0011000010110010
0011100010100110
0011011100100100
0011001110110100
0010010111110111
0011000111001101
0010110110110011
0011100000110011
0011010011110111
0010111010111011
0010100010110110
0010011010010111
0011000000110010
0011011101010110
0011111011011100
0010001100001100
0010100010111011
0010011010000100
0011011111100011
0011011011100000
0011001000101111
0011111011011001
0011100101001111
0011110100011010
0001110011010001
0010101111100011
0010101100111010
0010111111010100
0011010011101010
0011100101001100
0100001100011111
0011010111011000
0010111100010000
0011000001110010
0010110010110010
0100001000110001
0100011001000011
0100000001100101
0100100101100100
0011011101010010
0010000100010101
0010101110010100
0010010010101000
0011011111110001
0100010110101111
0011001001100111
0010111010100100
0011011110110000
0011011010001011
0011101011110001
0010100111001101
0011100011111000
0011101100101011
0011111010100101
0011011000000110
0011010001111111
0011100110001110
0011101111111111
0011001111001111
0001111011000010
0010001111011011
0001101011111010
0011000101000111
0011011010010001
0100011100110000
0011100110100110
0010111100110100
0011101011000111
0010111000011101
0100010010000101
0010111000011001
0011000100110010
0010110000011001
0010111111000110
0010001100101111
0010010111100101
0011001001010100
0010100111101000
0010100110101010
0010111011100011
0011001111011111
0010100101110111
0011000011110101
0010101100100100
0100000000110001
0011100000001010
0011101011000001
0001111111110100
0010110000110001
0100000010100011
0011010110111111
0011101000011110
0011011110111010
0011010000110011
0011011111101000
0011011100100101
0010101111111001
0010110000101101
0011111111111101
0011110100010110
0100110010110010
0011011111101110
0010011100001000
0010001110100111
0011001011100110
0011101101100110
0011110010101010
0100011110100011
0011001101100111
0010110010110010
0011101001001101
0011000110001011
0010110100001001
0011010110011110
0011010010101010
0011110111011001
0011011110011011
0011000111101000
0011001010001101
0010111001111110
0011000100011101
0010110001100110
0010111011000100
0011100100001110
0011100010010010
0011111111011101
0100101000111111
0011110010101001
0011001000000011
0011010100010100
0010100111101011
0011011101111011
0010010100000110
0010110011111001
0010011000100010
0010111011101100
0010011001101110
0010010011010000
0001110110101010
0010100011101000
0001110010011011
0010101100001010
0011101001110111
0010111110110011
0011100110110001
0010101000101110
0010111110011101
0011010001110000
0010101100110010
0011001101000000
0010110100000110
0011000101110101
0011101110111001
0010110111001110
0010100110000011
0011100101011111
0011010110111011
0011111111111010
0010101100110011
0001110111100010
0010110100010010
0011011100100100
0011101101011101
0100000110001001
0011011100101000
0010001010110111
0010101110000001
0100011011111000
0011011010111011
0011111100111100
0011110000100010
0010100001010100
0010010100011000
0010101000000010
0010001110111110
0010101011001010
0010111110001001
0100010000000101
0011100100011101
0011110110010011
0010101010001001
0010010111110100
0011000110000001
0011001100100110
0011100001011010
0011110101011100
0100010100110011
0011110110101100
0011111101010111
0011100001011110
0010010111100011
0010101110111000
0010101110011010
0010001000111011
0010011101011000
0010111111011011
0010011011110110
0011000011011111
0010100111101000
0011011011000100
0010010100100100
0011011100010001
0010101000111101
0011000001000111
0010100000101010
0011011100010000
0011110100100100
0011100010110111
0011010100010101
0001111101011011
0011100101100100
0010110010110011
0011101001011110
0011010111111101
0011001111111001
0010110011010011
0010100001011111
0010110001000001
0010111110100001
0010100011000011
0011001110101100
0010001110101010
0010111110001110
0011001001011001
0011000011101001
0100010100000011
0011110011101001
0011000001000001
0010011011010011
0011011001001001
0011100110001111
0010101101000010
0010111110100111
0011100011010001
0010110001011101
0010100000001011
0001100010111011
0010101010101111
0011011001101110
0100000100111001
0011001101101101
0011010111100011
0010110101001011
0010101101111110
0011110011010000
0010111110111111
0011111011000101
0011111110000110
0100010010101010
0011000010011100
0010011000111111
0010111001010100
0010110011111100
0010110001001000
0010100101011110
0011001101101010
0010110001100101
0011000101110001
0011100110111110
0011101100111100
0011001110111111
0010111101010100
0010110110011110
0011010001111001
0011101101000100
0011101000010100
0010011110001000
0011010000010011
0011101011001110
0011011000001101
0011010101001100
0010001101001111
0010111000001010
0011000110110010
0011100111101000
0011110000000010
0011111010011101
0011110011010011
0011011010010000
0011000001010010
0010110110001011
0011001111110011
0010100010101010
0010001110001100
0010011101000010
0011010100101110
0011111000001001
0011110011101101
0011111100001110
0011101001111100
0011001001001011
0010111011001100
0011011000010100
0011100010111111
0010011011111100
0011000011001000
0010111111100101
0001101111110111
0010010011111000
0010000101101000
0010011001101010
0011111000011011
0011010100101101
0010011001010110
0010001000100010
0010101111010001
0010011001001111
0011101111000101
0010111100100111
0010111111011111
0011011011010011
0011011000000010
0010111010010101
0010100000011001
0010101100110000
0011010110110011
0011000111101011
0011000111100011
0011110110101101
0100010000001111
0100110001100110
0011011100011000
0011101111011111
0011101010000000
0011111011101100
0010111000000011
0010111001100100
0010110111011100
0010101000001011
0011001110000000
0011010101011011
0011111001111111
0011000010011011
0010000110011101
0011000000001100
0010100011100111
0010101110000001
0011010001101101
0011010111001001
0011110011010101
0100001101111111
0011011010100100
0010110011100010
0010011000011011
0010111011011101
0010011100010110
0010100011100011
0001111011010001
0011010100000110
0011110110000000
0011010111011001
0011101111111110
0011011000010111
0010110011001110
0011001100001000
0011111110110000
0011100111000001
0010101000110001
0011010100111011
0010100001001101
0010000111001010
0001101111110000
0001101111110001
0011001011101100
0010110011011110
0010100010000011
0010001001101000
0010100010111010
0010111001100111
0010110111110100
0010110001101111
0010100001001001
0010111000100100
0010001101100100
0011000101101010
0011011100011000
0011000000110101
0011100110000100
0011000011101000
0011101101000011
0011001100001110
0011100111000001
0100001101000001
0011011000111010
0011010010110001
0011110001100000
0100010011111001
0011000010000100
0011010010101001
0010101101000101
0010001111100000
0010011010010001
0010010101100100
0010100011101010
0010011010010010
0010100101001011
0010111110100011
0010010000111110
0010001100110011
0010101100001110
0010110000110010
0010101110110110
0010101110000110
0010111110000100
0011010100100100
0010010011110000
0011011011000000
0010010101111111
0001110010010111
0001111111000001
0001111111000110
0011000100101011
0011111000001010
0010111001001101
0010111110101001
0011110000010100
0010101111100000
0010010101110000
0100000110001000
0011110011101110
0011101000011010
0010010111110101
0010000111011111
0001100010111101
0011000101000000
0011011110000010
0011010111111011
0010111010000010
0010011010111000
0011000101011111
0010011101010101
0010110001000010
0001110011110010
0010111101111101
0011001100111101
0010001010111001
0001100000001101
0010001111100011
0011101001111110
0010110011111101
0011010110111001
0011110000100100
0010111100111101
0011010111000011
0011100110000000
0011100111101111
0011001000001000
0011001010011101
0100111001111100
0011100110010100
0010110110001011
0010110110010110
0011011110011110
0010000010000010
0010011010000010
0001101100000110
0010001100110010
0010100110010100
0010000110101100
0001110000001001
0010010000011110
0010010100010110
0010111001010001
0011101000100101
0010100111001111
0010001110110000
0011000011111001
0011001011011100
0100000010101101
0011000110100110
0010111000000110
0010011110000000
0010010011011111
0010010101111001
0011010001100111
0011001101110011
0011100100011010
0011011111100011
0011100000011100
0010001010111101
0011001010101000
0011001011100111
0011101101011111
0010101000111111
0010101100000010
0010100010010101
0010100011011001
0011000110101110
0011111010011110
0011100100001100
0011001000000000
0001100000010110
0011001001010011
0010101011100000
0010011111011011
0010000101011111
0011010111000000
0011010110010111
0010000100001001
0001100111110000
0010000000101110
0011100000011011
0011011101011100
0011001010010011
0011100010100101
0011011111010010
0011000100101110
0011001011101011
0010111111011101
0011001001101111
0011011011000100
0011001110010110
0010110101100101
0010001100100111
0010111011100000
0010111001101110
0011001111100111
0010001111100010
0010110001001111
0010110010100101
0010000000001000
0001100001010110
0001110111100001
0010000101111101
0010111000111110
0011000011010110
0011101000000001
0010111000111110
0011011110000110
0011000100011111
0100010000110111
0011011111000110
0011101001010010
0010101010111001
0010010001101100
0010110010011111
0011001111110010
0010001010001111
0011001100110010
0011001111001111
0011100000110100
0011000110100100
0010100100100001
0011001000111101
0011011001000000
0011000000110000
0010100100111100
0001111110101000
0010101011011001
0010110001000100
0011010000001101
0011001111010010
0011010111101100
0010111001111100
0011000010111101
0010100111111100
0011010011000011
0011010101010000
0011110100101100
0011010100001111
0010101100101001
0001110010011100
0001001111110001
0001110111001000
0010111110110111
0011101110010001
0011010101110110
0011011011010001
0100000001010111
0010101011100001
0010001111001101
0001101110100101
0010101010011010
0010100011110100
0001111111110111
0010110011101101
0011011100101000
0010110100110011
0011011010011010
0010010000101100
0011010110100100
0010011010111000
0011010100001111
0010000010011111
0010011001001100
0010011011110010
0011001111000101
0010110100101000
0011011001011010
0011101000010001
0010111101101010
0010110110100000
0011110111000110
0011101001011111
0011111101101000
0010110010000010
0001110111110111
0010110101011101
0010100011010100
0010100100111011
0010101000101010
0011001010011010
0010101101010101
0011000000101001
0010111010010010
0011010110011001
0100110010000101
0010101101011011
0010011011110010
0010101100111010
0010101100100100
0010101100000001
0011011011101110
0011011110011000
0011100000001111
0010011010111110
0100000011100000
0011100110000010
0100011011101000
0011001001001110
0011101000100010
0011110010110011
0010111010110100
0010101010101111
0010000001100100
0001110111011110
0001100110101111
0011001011001000
0011110001010000
0011000010111111
0011010100111001
0010100010100101
0001011001110111
0000110110110100
0010001111100001
0001110000011100
0010001101010110
0010001001110011
0010110010001000
0011000101010111
0011010011000000
0010010011010000
0010111101111000
0010100111000011
0011100001110111
0011001010101111
0010011111000010
0011011101111101
0011100101000010
0011010111000000
0011010011010010
0010001010001001
0010110010100010
0001110110111001
0011100001001001
0010011100010111
0011011110010111
0010001011111000
0010000111011111
0010011100110011
0010101110101110
0010111001001010
0010110111110111
0010111111000001
0011000110010111
0010100110000110
0011000000111100
0011111000101010
0011011011100100
0011100000100111
0010101100010100
0010011001110001
0010000111111001
0011010110001111
0100000000101011
0011000011000111
0011011000100100
0011010110001101
0011111010100000
0100101100010100
0101000100100001
0011000101010011
0011010111001101
0011001001101010
0011000101101010
0011011110001000
0011010010010011
0011010101111100
0010011110010111
0001111001100011
0011001010111000
0011011001101100
0010110111101101
0001111011100110
0010101000110101
0001011010001111
0010100001110011
0001111110100110
0010100111010000
0011000001100001
0010011011001101
0010101011111001
0010111111111010
0011010011100010
0001111010100010
0001111101001001
0010111011001000
0011000011111001
0011001100001110
0010000010100110
0011011000110101
0011111000111001
0011011111111111
0010010100010111
0001100011010000
0001101110010110
0010111010111000
0011010001101001
0010111100010010
0010010101001111
0010100111001100
0010101011000110
0011001111010010
0011010100111000
0011001001101000
0011010001011110
0010001111110110
0011001001011000
0010011011100011
0011101111010110
0011000101100100
0010100111111011
0010111011001001
0001111100011101
0010001101011001
0011010010110011
0100010100011110
0100000001101101
0011010001011001
0010011101101000
0011110010111110
0011111001100011
0100001010011111
0011010110010010
0011101011111111
0011101101010111
0010111111111011
0010110100101011
0011010011010100
0011110100001011
0100010001000111
0010111111010100
0010011111101010
0010110000100010
0011011000011000
0010101110001110
0010101010110111
0010100100101011
0010101011110000
0010000010111010
0001110100011011
0010010101101001
0011100110110101
0010011011101001
0001010110010010
0010111100100110
0011011111000010
0010011011100111
0001110010110011
0011000100110001
0010110001101100
0010111010011110
0001010111011100
0010011100100110
0010011100111010
0001111111100000
0001010110011000
0001100101110101
0010101101001000
0011010001111010
0011101010000110
0010001010001111
0011001101001110
0010101010001010
0011010100000111
0011110010001001
0011010010111100
0010110100011100
0010101001011101
0010010011110111
0010001110010010
0011110000111000
0011110100010111
0010110101100011
0010101010001110
0011011011100111
0010000101010101
0011011001011101
0100001001001011
0100100111001001
0100101100010000
0011001100110000
0010101100001011
0011010101011111
0010110100101011
0011001110110110
0011001011011000
0011111001110011
0011011100110000
0010101101100011
0010100000011110
0010110110111100
0011010100011010
0011010100101011
0100001001011011
0011001000111000
0011000110110100
0011101101000000
0100000110000111
0010110101010100
0010101101001110
0001110100110001
0001110010100110
0010011010000000
0010101110011010
0010110000110100
0010000101110110
0010101011110011
0011001110011100
0100010011100010
0010100111100111
0010010111000001
0010001000010010
0010111011110111
0011000001010000
0001111101101100
0010001011001000
0010000100101000
0010000000000011
0001110000101001
0010010011010011
0010111101001101
0011101011101111
0011001011101101
0010010001111000
0010110101001000
0010011010101110
0011010011001010
0011100010100000
0011001100010111
0011000100100011
0011011101011101
0010111010101010
0011001111000110
0011101110111000
0011011101100101
0010101111111101
0011011010001011
0011100101001111
0010111111101111
0011111101101000
0100001010000101
0100011000001110
0100100011001111
0011111100010000
0011001011101001
0010010000001111
0011000100011110
0011000000111000
0011010111100110
0011001110000000
0011100100101011
0010111011011110
0011000100000100
0010100010110110
0010100001001100
0100000101110100
0100011001101000
0100001000010110
0011101000111101
0011011010110001
0011001001100100
0010110110111000
0010100110000001
0001011101010010
0001111110010110
0011001011101110
0011101001010101
0011010100110110
0011001001010000
0011110001010111
0011011110100111
0011000011100010
0011000101110110
0001111010000101
0011011011110110
0011010101111111
0011011110101110
0010100000111000
0011001110111011
0011001110110100
0010010011010111
0001111100101011
0010001111000001
0010010111110110
0011010011100001
0010101100001101
0010110001010101
0010010111101000
0010011100111111
0010100111001100
0010001110101001
0011011111001100
0011110101000101
0011111001101001
0011111111010011
0010101110100011
0010111010101011
0011011101000000
0011000000100111
0011001010000101
0011000100101010
0011001010101000
0100011000010001
0100001101001011
0011100101010000
0010101111011101
0011010110010000
0011011000110001
0100000110100100
0100000010000000
0100111001101111
0010101101111110
0011001110011000
0011000101100111
0011101110010101
0011001000110001
0011010011100010
0011011100000010
0100001100101010
0100000100100001
0011001111110111
0011010100000110
0011000000011011
0010001001000000
0010100110000011
0010110111111110
0010101100010110
0010110101010010
0100000101000010
0100110001010001
0011110111100010
0011101010011000
0100011100001100
0010010111110111
0010101011100011
0010001001110001
0001111011100111
0011000010001011
0100010110111100
0011001110111011
0010111100100100
0011111000110100
0011100101000000
0010100011100111
0001011110110101
0010011011111001
0001111000011100
0010111110011101
0010100000000000
0010010100101010
0001100010100100
0001101100100110
0001110010000001
0010010000100111
0010111000111001
0011001010111110
0011001110001000
0010011010010010
0010001100001111
0011001101111001
0010101000110011
0011000100111101
0011110110010100
0011101100101001
0010111111000001
0010111010011001
0011010011011010
0010100010100111
0010101001011000
0010111000000011
0100101011100010
0011110110111101
0100010000000100
0010111111000110
0011101111011100
0010011001011111
0011010001111010
0010111011110101
0011000111100011
0010110010001101
0100000100111000
0100000110010001
0011101111010011
0011000011011000
0010011111010100
0011100000101100
0010111110101111
0011010001110101
0011000111000111
0010100011000101
0010101011111111
0100000100011110
0100101100101000
0011110110110101
0011101001011000
0010111000000000
0010010101001110
0010000000110111
0010000110101110
0010111111001100
0011100001100010
0010111010101100
0010111110010100
0010110101110111
0010111101110010
0010110101110101
0001101111101100
0010101000100101
0010101110010110
0010010011011101
0010100110001011
0010000110101000
0010100111011000
0001101101110010
0001001111011000
0001011010010110
0010001111110000
0010100011010000
0010000110000011
0010101000001000
0010010011110010
0010111011000110
0011101011010000
0011101001010011
0011101011001101
0011010001000100
0011001010110010
0010101110100111
0011001000101100
0010001000011111
0010010101110011
0011000111010011
0011110010101111
0011110000000100
0010100001110110
0010001111000111
0011001101000101
0010011100011100
0010100010111100
0010011000010011
0010001100001011
0010100101101111
0010110111110110
0011001000001101
0011111011110100
0011110011011011
0010110110110100
0011000111111001
0010011011000011
0011100001000010
0011010000010010
0010000010110101
0010100100010111
0010101100000000
0011110000111101
0100010000100001
0100000001011011
0010100111110011
0001110011010111
0001011110011010
0010010000101011
0010011101011001
0011010001111111
0010010011110010
0010110101101110
0010001011110101
0010011010111001
0010111111000010
0010101100111001
0011001110101100
0011000100001110
0011010001101100
0011001001111001
0010011100010011
0010010011110011
0001111100111000
0010010000100011
0010001011001011
0010011010011100
0010000001100110
0010010110110011
0010111111100111
0011100101111111
0011010011111001
0010110000001111
0011101011111010
0010111011111111
0011010111110101
0100000010100110
0011011001000111
0011000001100110
0010100000110110
0011100101001110
0010111100001011
0100000001011011
0011010100101001
0011100111011101
0010011010110001
0010010011101101
0001100011111100
0010010100101100
0001110000010000
0010111100011010
0001110010110101
0001011101011011
0011011101001101
0011100000100100
0010110010000110
0011001000011110
0010110111000101
0011001011110011
0011100111100010
0011001010101100
0010111010000001
0001101000000011
0010000111011101
0011101110010001
0100000000011111
0100000111111001
0011111001001100
0010100110000001
0001000010000111
0001111010101110
0011010011100110
0011000010010110
0010100100001001
0001011100001111
0010001101110011
0011001011001001
0011001100010101
0010011010110001
0011010000011100
0011000001001100
0010011111100011
0011010000110000
0010100100000110
0010110001000010
0001101101100001
0010001011001111
0011110101001001
0011000001110010
0011010111000011
0001111000000011
0010111110100010
0011111010111010
0100000110101001
0011010111000111
0011000111001000
0011011000011101
0010100001011111
0011101001010011
0011111111001011
0100010101000101
0011000011111000
0011001111011101
0010110001111011
0011001010011011
0011101011000010
0010111010100001
0010111101001100
0010101011011110
0010011011101101
0010001101000100
0001111111100010
0010011110110001
0011001110001101
0010100111110001
0010100011111111
0010101100101010
0010110111110111
0011001101010110
0010100010100010
0010110010111010
0011101001011001
0011101001000100
0011000110001001
0010110100101111
0011011000101001
0011100001100110
0011111101001100
0011000010011101
0010110011011011
0011110100100100
0010011011110100
0001100111110000
0010010100101000
0011100010000100
0010100010010001
0010101111101010
0010010000100101
0011100000000001
0011000011110011
0011001001000001
0010110101110110
0011010011101010
0011101011110010
0011010111110111
0010000100111100
0010101111011011
0010000101100011
0010010111110011
0010111010111111
0011001111101101
0011111001100000
0011010101101001
0011011001000011
0011101110110011
0011001011110111
0011101010010111
0100001101011011
0011111011011110
0011101111100010
0011001101100100
0011010111010100
0011001100001010
0010101111111101
0010110101111000
0010101111111101
0010101000101001
0010000110001010
0010100111110000
0010000001101010
0010110000001111
0011011111011110
0010111001100111
0010010000111101
0011001111110101
0011000101101101
0011010010010000
0010010011010000
0010011011101010
0011100010110010
0100001110110111
0010111011101010
0011011100010110
0010011100110101
0010111100110001
0010110011010100
0011001100111000
0011100011100000
0011011101000000
0011000100010110
0010101011000111
0010100011000000
0010110100001110
0011110011010101
0011011110111101
0010100010011011
0010111011110100
0011010011101110
0010010100111010
0010000111101000
0010101101111000
0010100101111000
0010111100000010
0011111111101110
0010111111001100
0011110011110111
0100001011001011
0010101101101001
0010100000100101
0011101010101100
0011011001101010
0010011001011111
0010001000000000
0010111010110111
0010111101000100
0011100101001101
0011100010101111
0010110010100100
0011011010000111
0011100010001001
0100000001101000
0011010010110000
0011001101110001
0011001000101001
0011010001001011
0010011001101010
0010000100011110
0001110010010110
0010110001100001
0010110110011010
0010010100010100
0010100001100011
0010010110011101
0011100111110011
0011011101011110
0010111100010010
0011011001111110
0011001101001101
0010111001111111
0010110110100011
0011010111111110
0010111111110101
0011100100011010
0010111000100100
0010110110111111
0010101001110111
0011001110000100
0010000110000001
0010100000011111
0011101000010001
0010110100001010
0010000110000111
0010000111000001
0010011010000000
0011011110110111
0100010100101100
0100110011111101
0100010011100100
0011001011100100
0010011110000010
0010110110010111
0010001100011010
0010101111110010
0001111001000110
0001100100111010
0010100001110100
0011111101101011
0100010011001011
0011001101111111
0011000011110010
0011000100010010
0011001011010000
0100001100111010
0011001111110001
0010100101001110
0010001111011110
0010100101110110
0010001110000111
0100000111111010
0011000110011100
0010100100010101
0010100011110000
0011001001000010
0011100011101110
0010010100101101
0010100001010110
0010011111010010
0010001100010001
0011010111011000
0011001001111000
0010111001000100
0010110011100011
0010101011000010
0011010010001101
0010111001100000
0011111100111010
0011101101101001
0011011100110000
0011001101000101
0011101011110011
0011011100111001
0001011101010111
0011011011000011
0010100010000010
0011000001001100
0010110100101011
0010100101101011
0010001111101101
0011010010111101
0010101110010001
0011011110011100
0010111011010110
0100010010000001
0010001011011110
0010010011000100
0011010010101110
0011000000110100
0100011010111010
0100100011111010
0100110100101101
0011011101000001
0011101101000101
0001110000100110
0001101000011111
0001110111110110
0010101010001010
0001111101101101
0001010101101010
0010010011110101
0011101111011110
0010001000111011
0010000101100110
0001111011100111
0011000011001001
0011110110101111
0011010001100111
0011010110110110
0010011110000001
0010101100011010
0010100101111110
0010100110000011
0010110010101001
0010111101100010
0010101001100001
0010001110010101
0010111011100110
0011011100111100
0010001110011001
0001111000010011
0010011001111101
0011000011011110
0011011001011101
0100000011000111
0010010111111000
0001111100000010
0001111101001111
0010100001110101
0011011011111011
0011000000101101
0011101011111110
0100010001010101
0011101001111111
0011011101111101
0010111101000000
0010001001001110
0010011001000001
0010111011001001
0010001100110000
0010010011101110
0010110000000110
0011001111000111
0011000001111010
0010111110110110
0011010100111010
0100000111011011
0011010101001011
0010011000100000
0010100100100110
0011011111101000
0011101001100010
0011101011011011
0100001000001010
0011100011011000
0011001010101000
0010100000000010
0010000111011111
0001101111111110
0010010110001000
0010100111111110
0001111001000010
0001110010111001
0001110001110110
0001101110111010
0001100101011010
0010010010101011
0011010110100110
0011110010100010
0011010010101010
0010101010101100
0010110001101110
0011110101000000
0010010110101111
0011001011011111
0010111001011000
0010101000000010
0011010100011001
0010000110100011
0011001101000100
0010101110101110
0011100110011001
0010101001001110
0011000010000110
0011101101010000
0011110101101110
0011110110011010
0010101010001011
0001011000001101
0001100110100001
0001101011100011
0010111011011011
0010001000011101
0100001011011011
0011100001001111
0011101000000000
0011001001100011
0010110000100010
0010011110101110
0001101000010000
0010100111101000
0010111010100111
0010010010110101
0010111101101010
0011011001100101
0010100010111010
0010100011000110
0001111001101101
0011100111010011
0010101001101001
0010101010110001
0010000010010110
0010011000010101
0011110000011101
0011011100111011
0100000110010110
0010011010101111
0011110111011001
0010101000110000
0010110111001111
0010110010010011
0011101000011101
0011000111001010
0010111011001010
0010101000100111
0010111001000010
0001100101111001
0010011011000000
0010100011001101
0011001001101011
0100011001100111
0011010110010001
0011011011011001
0010001011010010
0010101101010000
0011111111000000
0011010101101111
0011001101010100
0010101001001101
0010100101001000
0010001100000110
0010110010011100
0011000010010100
0100000001011100
0011000000110010
0010101001010010
0011101101001110
0011110110000000
0011100100110001
0010101111111110
0010110010110101
0001111000001100
0010010111101100
0010110100000010
0010110101011100
0011000111011010
0011001110101101
0011001111110001
0010101111000011
0010101010011010
0010011010001111
0010011100110010
0001110000110110
0011010110001001
0011001000110100
0010011110110111
0010011101111100
0011011111001111
0001010100101000
0001101011010011
0001111000010111
0010000100101110
0010111101101111
0010111110110000
0010101010010001
0011010111000110
0100000100001101
0011111100001010
0011101101010001
0011000101010101
0011000000011101
0010111100111101
0011001010100000
0011110100101010
0100001101001110
0011100100000011
0011011100101001
0010111000011011
0010000011001110
0001101011011010
0010110101100100
0010100000101100
0010100001101101
0010110110110011
0010110111110110
0010101011101101
0010101110000010
0010101000110010
0011000011011010
0100000010111001
0011100101101101
0011001101110100
0010001110010010
0011001101000000
0011011001011110
0100010010111010
0011110101001010
0010110111010011
0010000100111010
0011011001111100
0011100100100111
0010110011011010
0010111010110101
0010100101111001
0010010011111101
0011010000001101
0010110010111100
0011100100101110
0011001100010110
0100000010001111
0010100100001111
0010001010010000
0010100011010111
0010100010101111
0010100101011010
0011100011101011
0010110110101101
0010110111111000
0010101100111001
0010010011000101
0010001111011110
0010000110111111
0010110101001110
0010100101110100
0010000000000101
0010100010101100
0011100100101110
0011100101100100
0011011010010010
0011100010000001
0011001000000010
0011110011000001
0010100101100110
0010110111011000
0011001101111111
0010111010100001
0100011111111110
0011111001000001
0010100111100100
0011100100101100
0010010111100000
0010000111110110
0010010100000000
0010000101110011
0010100111111000
0010100110110110
0011001101110010
0011000001000010
0001111110001010
0010100101101001
0010010000111110
0010011011110011
0100010011100111
0011100101001000
0010111010111011
0010111101100010
0010001011011101
0010111101111011
0100010111101101
0010111111111111
0010011101101011
0001110010001010
0011000111011111
0011110011111111
0011101101000100
0011001011110110
0011100001001001
0011101000110100
0010101000111010
0010101101011001
0011010001100011
0100001000011010
0100001001011110
0011100001100111
0010001110011000
0010000001110010
0011100001100101
0100100101001001
0011011011100100
0010100011111101
0001101110111101
0011001100101110
0001101100011101
0011000111010111
0011010110010011
0100000111110001
0011001000111101
0010000001110000
0010011101101100
0010110000101111
0010011001110110
0010110011111100
0011001011011001
0010011001111111
0010100111111111
0010011000100010
0011010110000001
0011100001110101
0011111010001001
0100001111010010
0011111011101100
0010011111111101
0011010010110000
0001111111011111
0010110111111110
0010010100100111
0011000101000000
0011111011110011
0011011100100100
0011011111111101
0011011000110110
0010000101011001
0010000111111001
0010010000000011
0011000101100011
0100101000111100
0011111101111000
0010100011111111
0010110110111110
0010110001000100
0011101000011100
0011101110100110
0011001111001111
0001100101001000
0010110011111011
0011100101111100
0011111011011111
0011111010010101
0011101101011111
0011110011001011
0011111010010010
0010111001111100
0010010001000100
0011001001000010
0100000001110000
0100011101100100
0011110001110001
0010110010111011
0010110101111000
0011001011011010
0100001000001011
0011000011101001
0001110001000001
0010011000001010
0011011011110001
0011101111001111
0011010010000010
0011111101111110
0010110111100101
0010101001000000
0011000111000010
0001110100000001
0001101111100110
0010001010110101
0001111101100101
0010000011110010
0001110001000010
0010001001000100
0011100110000111
0011101110100110
0100001100111010
0011000001100101
0011101001011000
0011000010011011
0100100000110101
0011000101110110
0010110111001010
0010110111000110
0011000101010100
0011100011011011
0100011110101111
0011111010100100
0010100011111101
0010101110110001
0001111110001111
0001101110011011
0010011101010011
0011010001111000
0011111111011011
0011000000111110
0010111010110001
0011101000010000
0100001000100010
0011100100101011
0011001100010001
0001111001101101
0011100110010001
0011110111010110
0100111100110001
0011110011100000
0010011100111011
0010110010001001
0011011010001010
0011101111111110
0010001101110110
0010011111000101
0010110001111001
0011010001101011
0011011010110011
0010101011010111
0011010101001011
0010101101101110
0011100010101101
0100100010001000
0010101101000111
0010011101000000
0010101100100011
0100101011000011
0010110011101011
0011100000101100
0011001100000101
0010100010011100
0010011001001011
0011000100101011
0010010111001101
0010111001110110
0010001010110010
0010000110000010
0001111101010000
0010001111101001
0011000001100010
0100001010011010
0011110010010000
0011001100100110
0011010111001100
0011010100110001
0100000110111010
0011001111100111
0100000001100110
0100000100101111
0010111101110111
0011001100101010
0011011111010000
0011100111011101
0010011110011000
0010101100001010
0010011010100100
0001110010010111
0010110001010000
0010011011000100
0010111000111001
0010111010110101
0010100100001110
0011101100110110
0100100001000111
0100001011010111
0011101111001101
0010001010101010
0010001011001001
0011100000111011
0100110001011100
0100000101111001
0010100001110100
0010011000110010
0010111011000101
0100000110101011
0010110010101101
0001100010000011
0001100010010010
0010011000111100
0011011111010000
0011100000100100
0010110101100110
0010101010100000
0010111000010101
0011011000001110
0011101011010111
0011110011001110
0010001110101011
0011000001000001
0011101111000000
0010110100010011
0010111100010001
0011010011010100
0001110101011110
0010100001101011
0010110110111110
0011000100110100
0010001100100010
0001111110101101
0001110010000010
0010100010010001
0011101100101010
0010111000010001
0011100111011011
0010110111111111
0010100111010100
0011010010111101
0100000000001000
0010111110101001
0011000111000110
0011100110001010
0010110001100101
0010111100010100
0010100011000100
0011010001011000
0010100000000001
0010100110011010
0010100010110100
0010100111011100
0010100111010101
0011000111011100
0001111110110100
0010101100111000
0010101101001110
0010010110011000
0011110101111111
0010110010000011
0010100001011101
0010011100010010
0010001000101011
0010011110000111
0100011000110010
0100000000011111
0011010011000011
0010101100100001
0010000111101011
0100010101111101
0011010111010000
0010101000000100
0001011100100110
0010111110111111
0011001010101100
0010111010110101
0011010011010111
0001101110000101
0010011000100110
0010111011110001
0011110000111000
0011100011111100
0010100111010101
0010001000011000
0010101011110100
0011010011010001
0010000101101011
0001111101011011
0010010101110010
0011010111110111
0010101100000100
0010011011100010
0001111100001101
0010010000110100
0001001001111111
0001011001101001
0010100101101100
0011100101001011
0011011010100000
0010101001111011
0010101011010010
0010101010010000
0011011001110111
0010100001111000
0010111000000100
0011100001100111
0011010000000110
0010100000111100
0010001001110101
0010110001010110
0010100001011110
0010110010000001
0011010010001001
0010100001110000
0010010001100010
0011010000010010
0011011111011100
0010001011010100
0010110000001001
0010111111100101
0010010111001100
0010100101000000
0010101101000111
0010100001100010
0010001010111100
0010011110110111
0010111011001000
0100001001110100
0011010001010111
0011010011000101
0010001000011001
0011010100000100
0011110000000001
0011100110100101
0001100010000000
0010110000100101
0010111100100110
0010111110110000
0010000110000011
0001100110111000
0010001000100100
0001111011101100
0011000101001111
0011101111001001
0010111110000000
0010000110110101
0001110011100000
0010011001111101
0011000111000011
0010001000010111
0010011001111011
0010110010010011
0010011101011100
0010001111001001
0000111100000110
0010001000011000
0001110010100100
0001100011101010
0000111110011101
0010010100001100
0100001111000100
0010110011101101
0010101000101011
0010110011100011
0011000000100010
0010101111110010
0010111010100110
0011010111001111
0011010010111101
0010110011001110
0010001111001010
0001111000011111
0011011110100110
0011001101110001
0010101011111111
0011010010110000
0011101100010000
0011000111001010
0011001011001101
0011001110001011
0010011101011101
0010000100111000
0010111101111100
0010110110000101
0010110101100110
0011011100111000
0011000110010101
0011010000100101
0010101101010001
0010100101110101
0010101100101100
0010001110011000
0010010101101101
0011001011100100
0011111010000111
0011100110101000
0010000011101001
0010010101000101
0010001110010001
0010001011000110
0001111100110101
0001001110000100
0010000011110000
0001101111111011
0010111111111001
0010111000001001
0011011010110110
0010011100100000
0010000111010011
0001111110010111
0011001011011010
0011000101110010
0011010111100100
0010011101101101
0010001111110111
0010100001001010
0010000010100101
0010011010011011
0010001110001101
0011000000010110
0010010100100101
0010001110111001
0010111110110011
0011011110110011
0011001011001000
0011010001110011
