0011011010001000
0100000111110110
0010111100110100
0100011111000001
0011011101011100
0100100100110111
0011011001010011
0011010110111001
0011001111100100
0011101110000011
0100101100010011
0100001011100101
0011101101111011
0011110000101101
0011010001000000
0010100011111110
0001111000010001
0010111010000001
0010100001101001
0011101111010001
0011000000111110
0100100001011001
0010101011101011
0011011111100101
0001110110010010
0011001010100011
0011000010100001
0010100111100010
0011110001110001
0010101101011111
0010101010000111
0010000100011011
0010100010011110
0010001011010111
0010100111110101
0011000100001011
0011000000001110
0011001001111000
0011110111100111
0011010100101101
0011111100001000
0011111100011000
0010101000010010
0010111010100000
0010001001010110
0011010101110000
0010110111001011
0100000001110100
0100100000001110
0100010001000111
0011101110000011
0011100001011001
0010001011001000
0010110101101110
0010100101011100
0011010101111100
0010010000110001
0010010100101011
0010010101101011
0011011011000000
0100010110101110
0100010100001110
0010101100010101
0010111100001001
0010111101110000
0010110100100011
0011110110010010
0011110001111010
0100000101101110
0010110111000001
0011101110011111
0010010010100011
0011001110000110
0011111100011100
0011011100101100
0100010001100010
0011001010110100
0010111001111010
0001111011010001
0010100101010000
0011000011010011
0011011010101011
0010010111100011
0011011101101110
0010000001000000
0011110100101011
0010001010101100
0011001011011111
0011101100001000
0011100001110010
0100011011111111
0010001100001100
0010010111101101
0010011100100101
0010111001001111
0001100101101000
0011001001110010
0010111100000100
0010100000010010
0011100000100000
0100000011100100
0011101011011001
0100101011001111
0100010110000110
0010100000001000
0010010000101001
0010000000011000
0010011011101011
0010111011000001
0011111011110101
0011110101000110
0011111010100110
0100010111000100
0100011001000101
0011110000111111
0100011100010100
0011100010001111
0010111011111100
0001110000010001
0010000010110011
0011001101111010
0011111100111111
0100001111100001
0100011001111111
0010101000011010
0011011011101111
0100010001011110
0010001100101100
0011010100001111
0010011101010011
0100000100101010
0010011000001100
0011101000010101
0011001101100000
0011001101100101
0010101000111000
0010011001100010
0011101000100110
0010111000111111
0010110111001011
0010111011011000
0011110100011010
0010100100100011
0011101100111000
0010011001110001
0011001011011110
0010001001011000
0010011010001101
0010101010110110
0011000011110100
0011100111100101
0011000110100011
0011100110000100
0011000001101000
0011110000010010
0011001110111110
0010110110000011
0010001001111101
0010100100000111
0010110010110111
0010111000010001
0011100101101011
0011011111101101
0011110000110001
0011100011010110
0011110001010010
0010101101111011
0011000001001010
0010100110010110
0011001011010111
0010011100110100
0011010110001001
0010111000010001
0011001101111000
0100011011110011
0100001110011101
0011011110000001
0010100101001011
0011000001000111
0011011100110111
0010101101101110
0010100001001111
0010111100010101
0011000100100001
0011100011010101
0100100100110011
0010011011010100
0011111000100000
0100100001001001
0010111111110010
0011011110001011
0010000100110110
0100001101000110
0010100110000110
0011100111000001
0011011011011010
0010111011101101
0011011001010111
0011011110111100
0011101000100001
0100001000000100
0010111111101110
0100000110110001
0100000000000010
0011001110011101
0011111001000101
0010110110001100
0011010000000100
0010100110100011
0001111000000111
0011001101110110
0010100011001001
0100111101010010
0011000001100110
0011111000011100
0011011101011110
0011111011011101
0011010100001110
0011010101111110
0010100001000101
0011110000100001
0010010101001100
0011100110111001
0011000110001011
0011111011101001
0010101010001101
0011001101110101
0011001111100011
0010001111110101
0010110001000010
0010001100110011
0011101100010100
0010001101101101
0011001011110100
0010100101000001
0010111000001010
0100110101101000
0100001111100000
0100000001000110
0011010000101011
0011010100000010
0010101111001001
0001111000000110
0011100101100110
0011001001001101
0100010100111111
0011111111100011
0101000001011000
0011000110101111
0011111010101000
0100110111010111
0100100001110100
0011101000110011
0010111111000000
0010110000010010
0010100011001011
0100010011010010
0100010101000001
0011011101001000
0100010000100010
0100000101100010
0010111110110101
0101000000101000
0010011110110110
0100110111011011
0100001110110000
0011100010110111
0100011001010011
0010110100000111
0011001111100100
0011011100100111
0010110100011001
0100001101101110
0010100110010111
0100001010100101
0010010101101110
0011100000011010
0011101000100000
0010111011111001
0011011011100101
0011010111011011
0010000000010000
0011100001110110
0010101001001010
0100001011100001
0011010110110010
0100000001000011
0010101011100010
0010100000000000
0011000010010111
0010100100000100
0011011101100010
0011001101011110
0011101100111111
0011001101010111
0011001001000110
0010111000010111
0011100000001110
0100000110110101
0011100100110000
0011101100010000
0011101000011101
0011101101100110
0011001010010111
0010000111000101
0100010000011100
0010111000100001
0100111011101010
0011110101101100
0100110100111100
0011011101011101
0100110101101111
0100101110101000
0100011001011100
0011000000110001
0010110111111000
0010101100111110
0011010001000010
0100000110100001
0100000101110010
0011111111100101
0100001100101000
0011110111001010
0010010100111100
0100110110010010
0011000000000011
0100101001110101
0011001001110101
0010100001000000
0011111110110100
0010111110010010
0010001111001110
0011100001001011
0010100001100010
0011100000001111
0010011010001110
0010100110001000
0010100110000111
0011011111110010
0011111001110000
0010110111100101
0011101101100010
0100000000010100
0010101111001101
0011010111010111
0010101101101101
0100000011011000
0100010101000010
0011101011100001
0011000110100110
0010011111001101
0011010011010001
0011111111100001
0011011010100111
0011110000101011
0011000010000101
0011011011000110
0010111110101100
0010000000000101
0011100000000110
0011100101100000
0011111010111011
0011111000001001
0100001011110110
0011100100110110
0010100000101111
0010101010000100
0011111011010001
0011101011000110
0100111110010110
0100101001110100
0100100011001001
0010111110010110
0100101111100110
0100010100010011
0011101110010000
0011001000110101
0011010000000000
0011100001001001
0011000000100101
0011101011111111
0011011001011010
0100100111111010
0011101101000001
0100000111110110
0011011011010011
0101001000100010
0011101000101001
0100101000000100
0011101010011110
0011110111110000
0100000000101001
0010101110100111
0010101001010100
0011010001110101
0010101000111000
0011011001001000
0010110001001100
0010111111110110
0011100011000111
0011110100100000
0011001100000101
0011000101101101
0010101011101011
0010011100101011
0010101010101010
0010101110010010
0100001001111110
0011010011001100
0100000011111001
0011001011010010
0011111111010110
0011110101101010
0100000111001100
0100000100101001
0011001101100000
0011011010101011
0011010101011100
0001111110011100
0010100011011101
0010010000101010
0100010110101001
0010111000010011
0011111111100011
0100011100100000
0101000010111000
0100111001000010
0011101110000000
0011111000000100
0011011101011101
0011100101101010
0100110001110010
0011100110010000
0011110011110000
0011110110101010
0011100100000111
0011001001011110
0001111110000111
0010001100011111
0011000001001011
0011010101111100
0010000010011011
0011000000100011
0010101011000010
0011101100011111
0010101111111100
0010110101011001
0011000111101010
0011111000001001
0100011010001111
0100000110111011
0011100100011100
0011111001111101
0011110011101110
0010101111110110
0010110111011110
0011000101111010
0010010000011001
0011010001011100
0010101111110001
0011010010010110
0011010011111111
0011110111110001
0011000000001011
0011011111011111
0010110010111110
0011000000101111
0011010101010100
0010111101010000
0100100001100000
0011010110110000
0100001011011000
0011111100101010
0100100011100011
0011111011000101
0100110101011001
0100101011111101
0100111000011110
0011110101001110
0011011100000110
0010101010111111
0010011000011011
0010101101010011
0011110101011000
0011011000100010
0011011101011010
0011110001000111
0011100111001100
0100111010001110
0100001011001111
0100000011001101
0011011101010100
0011110011100000
0100001000001011
0011100101111011
0011100011100011
0100010001000111
0100000101000101
0011011101010000
0010100000000100
0010110000111010
0100001001111010
0011010000000100
0010010100010000
0011000011011110
0010011100011111
0010110001010000
0010000101001011
0011000001000011
0011111000101100
0011110010010110
0100100010110001
0011010110011100
0011000110111000
0011101000011110
0011011100011000
0011110010110010
0011101111010110
0010110111110010
0010010110101111
0010010101001101
0011000111111011
0011110011000111
0100001011011010
0011100111011110
0010110110011100
0011011010111010
0011010000110110
0011001011101100
0011010000101000
0011010001001010
0011111101010111
0011000010110010
0011101001100110
0100000001111001
0101011010100011
0100111110110011
0101101111101001
0100100000001010
0100000100010110
0011110000100101
0010011010101101
0011001011011000
0001011111100101
0011000110110110
0010010000011110
0010111000100001
0011000001101000
0011001100000111
0100001101000110
0100101000100100
0100011101111101
0011111101000001
0011011000001000
0011001001101000
0011001101001101
0011101011000010
0011100001011100
0011001010000100
0010101100010011
0010000000110101
0001100001000010
0001110010001010
0010011011000001
0001000000000000
0010110001011101
0011101110111010
0010111100111100
0011000110010100
0010011000001001
0010110100000101
0100000001110111
0011111000001011
0100110010111011
0100000110110100
0011101100111100
0100010101010101
0011011111101110
0011111110011011
0011000110010000
0010000101101011
0011100011111111
0010000010111101
0100011111111010
0011000101100101
0011100010010000
0011010101010110
0011101100010000
0100000101101110
0100101111011010
0100100000100011
0100010011001000
0100010100111111
0011011011111011
0011101110100110
0100100101011000
0011100101101001
0101010001110010
0100101010110000
0101111000011011
0100101010000110
0100001011100110
0011111110100010
0010100110111101
0011011110110001
0001011101110101
0010101000011100
0010011000010010
0100001001111010
0010111111001010
0011001111010111
0010101000010011
0010110111100010
0011011110110000
0010111100100000
0010110001110101
0011101001011101
0011110010010100
0100100010010111
0010101011101000
0010100011001101
0010110011110101
0001101111110101
0001011101111110
0001111101001101
0001100001110000
0000111011110000
0011000000101110
0100000110011011
0011110111000101
0011001000100100
0011000001100001
0010000010000010
0011010111010101
0011101011111010
0011100110101110
0011100000100100
0010110010000100
0100000110110100
0011011000001100
0100010011000001
0100000011000100
0011111011011001
0011100011111111
0010001001011100
0011111001000001
0010100010101010
0010100011110011
0010111100101001
0011001000110111
0011010011101101
0011100000001001
0011001100111100
0011001100010010
0011001010011001
0011011011010110
0010111010011110
0011011011000000
0011011100010100
0011101101010111
0011100010000101
0100000001010100
0010100011001011
0010011001000101
0010111100110110
0010100111101110
0011011011110011
0010110101110111
0010010110000011
0010110111000101
0011101010011110
0010111001100011
0011100110101100
0010110010000011
0010110001111001
0100001100001000
0010100011010110
0011010001001000
0011011100010111
0100110100101011
0100100110100000
0011011000110101
0011001101100011
0010110000010011
0010110111101111
0010011000010100
0010101011100011
0010100100100001
0010000001101011
0011110010010110
0100010101110101
0100100101110000
0010110011011011
0010111011000010
0001101001011110
0010111111100001
0100001101101110
0100000000010001
0100101111110010
0100100000011001
0011111110011100
0010110110011110
0011001111001100
0011001101001010
0011010011001111
0010111110111011
0010101010100011
0010101011100110
0001110111110001
0010100001000011
0011110100011011
0010100001010010
0011101101011100
0010111110100011
0011011110001000
0011110110000101
0010000111010101
0011001010011001
0010101110110001
0010010101101001
0010110001000010
0010101101000010
0010100011111001
0011010100101101
0010101100110110
0011001001111000
0011110100100111
0011111111000000
0011001110001001
0011110100100100
0010100111011001
0011100101001010
0011001111010010
0010111111001111
0010100110100101
0010100110101100
0010101010101000
0011110101011000
0010011011000011
0011010111001100
0010101110110011
0100011100000111
0100000000110001
0100010001010000
0010100111100000
0001111011000100
0011011010001110
0010011110110110
0011100101010000
0011101011111001
0011000000000101
0100010001011010
0011011000111001
0011111001100111
0011001111011111
0100000001101011
0010010000100111
0010110110001101
0011011011010101
0011000101001110
0011011000011100
0011011111000000
0011011100101000
0011011011000001
0011000010100010
0011001100000011
0011100100111101
0011100101111100
0011100111100010
0010010000000000
0010001110010000
0010001000010011
0011010001010000
0011000001111011
0011110100011000
0011000001110011
0011000001100001
0011101011001010
0010011000110101
0010100011000010
0010011111010110
0010110101100110
0011000100111011
0011101100011010
0011000011111110
0010101100111101
0010111111010001
0011100000110010
0010110111100001
0011000110100110
0011101010000000
0011100011111101
0010011101111001
0011000111101110
0010100111011011
0010111100111111
0010001011110001
0010010000011000
0011010011001101
0100010011010011
0011011100110110
0011001101101110
0010011011110010
0010111110110101
0010100000001011
0011011001000101
0011010100110010
0011101010010001
0100101101110110
0011100100101011
0100010100001001
0100000111011011
0011001101100001
0100011100010100
0011000000101010
0100011100110010
0011000001100101
0011110100011011
0001111011111000
0010101100011000
0011000001001000
0010110110101011
0011111100011101
0100100100111010
0011111111101010
0011001100100001
0001110010000101
0010011111010101
0011001100001011
0011101011000110
0011111101010101
0010010000010000
0010110010010111
0001111010000000
0011001101100101
0011000011101010
0011100100100111
0011011111000110
0010101110001100
0011100010110100
0010010011111100
0011010110101000
0010110110110001
0011000101101010
0011010011011001
0010100111011011
0010101111011101
0010101101100000
0011110000101011
0011111011100001
0011100010010110
0011011010000011
0011111110011001
0010111110110011
0010111011001111
0011001010100110
0001110111100000
0011001001101011
0010110001111011
0010101111111110
0100011001100101
0011111111101101
0100000000110111
0010111111111100
0001100001111000
0001101010101110
0001101100001010
0011100011001100
0011000010110010
0011111110110111
0011010010000100
0010100101110100
0100001001000101
0011111010011101
0011010110001010
0011111001001011
0010101100011011
0100011010110101
0011001101001001
0100001110110001
0010000001101001
0011001100000011
0010101110100001
0010100001100100
0010100111000001
0011100110001100
0010111111100010
0011010001011110
0011010110101000
0011010001010011
0011101001010110
0010111011011111
0100011101100000
0010001011110011
0011100010111011
0010100010100101
0011110111001100
0011010101110111
0011111001111011
0010110110101010
0010001000111011
0011100000001010
0010001000110001
0011010010100010
0011100011000101
0010110011000111
0011100111111000
0011000111110011
0011010010101111
0100001101011111
0011101010111011
0011101000100011
0011101001110100
0011001101011100
0011011110100110
0010101101000101
0011110100011001
0011100010101001
0011010110111011
0011100011001100
0010101111111100
0011000000110110
0011110011100000
0011101010000101
0011001101000010
0011011010011011
0010000000111101
0010011100101111
0010010000110001
0011011111000011
0010110100001001
0011110001000110
0011010101011001
0010111111110001
0011110000111100
0011101010000001
0011001100000010
0011000100000010
0011000111111111
0011001011001101
0010111101010110
0011111010000011
0010101101110111
0011011100001100
0001111000010001
0010110110100000
0011010011001110
0100011011001100
0011010101111110
0010110011011011
0010101000001110
0010011101101001
0011110101100000
0011010001010000
0101001000000100
0010110111000000
0011100010100100
0010101001101101
0011011010011100
0011100110111001
0100001100011111
0010001011001000
0010010000101000
0011001110000101
0010111011001011
0011000001110101
0011101000010010
0010011011011000
0011100001110111
0011110100100011
0011110110110110
0011110111011001
0011101111000100
0011100100111101
0011101000000011
0011101111010101
0011010111111010
0010111111010001
0011010110111111
0011001010001011
0011001011001000
0010111111101101
0010110000000100
0011001101101011
0011011001110000
0100001000111111
0011001101010010
0011001100100001
0010110110111110
0100000100000001
0011000100000111
0100001011101010
0011010010010111
0011010011000010
0010000011000001
0010111011001110
0100001111000111
0100001001110101
0100011100011101
0011101110010101
0011001001101011
0010101011100001
0010011100000011
0011001110010001
0010101000000010
0011000000001010
0010100010011100
0100000111010100
0011101010111100
0011110010000100
0011001111100010
0011010011100000
0011011100001010
0010110101011111
0011011100011111
0011000101011100
0011010110010011
0010010011111110
0011000010001101
0010101110100101
0011111000010010
0011101010010100
0011010100010111
0011001011001011
0011010001111010
0011111011100100
0011011110101010
0011001001000001
0011111101100100
0010011011011010
0100010011111001
0100100100010000
0101000111011000
0100111100010100
0100011010110011
0011101011101101
0010011100111010
0011001101011100
0001111011010010
0011001100001001
0011101000001100
0100011011010011
0011011111110100
0010101100110100
0010100000110010
0010100101000010
0011001110110100
0011111111111110
0011001001011000
0100011001001101
0011110011000111
0100000110001100
0011011000001100
0011111111111010
0010110111110110
0011001000110010
0010101011111011
0100001110100000
0011101000110100
0100001000101010
0011100110110000
0100110000101011
0011011101011111
0011010001110000
0001110101000110
0011010110101011
0011000111110100
0010101100100100
0011100011010000
0010110100100101
0011011100010010
0011011011101111
0011101001011001
0011000001100010
0011000100110001
0011010100011001
0011001101110011
0100011110101100
0011110110101000
0010101001010111
0011110101100010
0010101110110100
0100001101101110
0011110011101010
0100100001111001
0011010001110101
0010111101000110
0011100010001111
0010101100100010
0010100101111010
0010101110111001
0010101111100100
0011111010110111
0011010000110110
0100001101100000
0011111000001001
0100011100000101
0011010010001001
0011000001010101
0011011011101110
0010001010101110
0011110101111001
0011001011110000
0100001000110100
0011000011111011
0001111001001101
0010100101101101
0001111110011010
0011101000011000
0011101100110001
0010100111111101
0100101110011000
0100100000000111
0011110110001001
0100100010100000
0011000110001011
0100011100111001
0100011001100001
0011000010100010
0011100100110010
0010010101011110
0100000010000001
0011000101111011
0011100011111110
0011010010111010
0010101010101001
0010001110100101
0010111000100000
0010100110100010
0011100101011110
0100111010101100
0011011111000101
0011101010011111
0011001011001111
0010110100100101
0011101100111000
0010110101110110
0011101101001000
0010011101111011
0011110010000101
0010110100001111
0011110010001110
0100010100100101
0011100111000010
0100000001001101
0011000001011110
0011101011010001
0010111010000110
0010100111011100
0011000001110011
0010101111000100
0011001001001101
0011011100010111
0100000101101101
0100001001101001
0011101111101101
0011110100100001
0010101000011001
0011110000011111
0010001111111001
0011011110010011
0011000011101111
0010111110111110
0011101101000011
0011011011010000
0011110011101110
0011011110101100
0011010001010110
0011111001110100
0011010100110111
0010010100000101
0011101110000011
0010001111100011
0011101001001100
0011101101100011
0011010000111100
0100110111011001
0010100101010111
0100100011100111
0100001111010001
0011010100111110
0011001100011011
0010011001101000
0011110111000010
0011101000100111
0100011010101100
0100101111111001
0011010001110000
0011111011000001
0011101010011001
0011011101011111
0011001010010010
0011010100010001
0010111001110000
0011010010101001
0011000011010101
0010100011011000
0011011100011101
0010011000011000
0100000011110000
0010010111010100
0011101000101001
0010000101100101
0100000001000010
0100101001110000
0100000101010000
0100010010101011
0011010001110111
0011011000110001
0011011010110101
0010100110001001
0011001110001100
0010000111101000
0010001000000011
0010010101110011
0011111100111110
0011111111011000
0011101101111001
0011001110101110
0010010110101100
0011101001000110
0001111101001101
0011100001010110
0010010101101110
0010110110111101
0011001111111111
0011100001010100
0010010110101000
0010110001101101
0010010010001001
0011110111011111
0011010101000001
0011000011011100
0010111001010100
0001100010100010
0010110101011101
0011101111000011
0011001101111011
0011111000010110
0010000100100011
0101010011000000
0101001001000010
0100001011001010
0011100000111110
0011010010011101
0011101110100010
0011111111100111
0011011101101100
0011111001110111
0010111101001010
0011011011010111
0010110011101001
0011010111000101
0011101110100110
0011000000011110
0100000101000111
0011011101110010
0010111010010111
0011010111100001
0010100101010001
0010100111100011
0011101011001111
0001100111001010
0011010110100001
0010111001011000
0100001010011101
0100001000101001
0011101101111111
0011000011010001
0011011001111101
0010001001000111
0010110110100011
0001111011110000
0010101000101101
0010000000001101
0010000110101110
0011011111111111
0100011100010001
0100110101000100
0100000010100101
0100001101111000
0011110100111010
0011000110100000
0010111001011010
0010101011101100
0010100011001001
0011000110100001
0011011001110001
0011111001110000
0010011010100001
0010101011100101
0010000101011111
0011100010101011
0010011010111111
0100011000111101
0010011000010011
0010101110000110
0010111001100110
0011101010101111
0010010101101001
0011000000100101
0001110100100011
0100011101011101
0100100101010000
0011010111011110
0010111001011100
0100010101110010
0011101000100010
0011010100011110
0011101011101010
0100100001101000
0011110011100010
0011100001100110
0011010001111111
0010101111000111
0010111000100101
0010110100010011
0011111101100110
0010110111101101
0010011100010000
0010110111000101
0010101110011000
0011011011100010
0011100000100011
0001110111011011
0010011001110011
0001101011000101
0010100110011010
0011010000001000
0010110011111010
0011010111001010
0011111101001011
0010010000111011
0011000100111000
0011000111001001
0010111100100100
0010010011010000
0010010101001011
0011000010000011
0011011000001111
0100001001011111
0011001100001000
0100010011111101
0011001011100010
0010100110011000
0100011011100010
0010011100100010
0011011110111000
0010100101001000
0011100000100001
0011101011011011
0011010000111010
0010110111101010
0010010111011000
0011100010011010
0011001011010101
0100110010000111
0001110101011111
0010100010011001
0010100110011111
0011001001110111
0010001001110100
0010001100011000
0001110010111101
0011101111111010
0100011110111000
0100101000111100
0011011001111101
0011110111000111
0010001010011011
0010111110101001
0011101111100111
0011100010100101
0010111101100000
0011000111011010
0011000011100101
0011000000110110
0010110100111110
0011100000110111
0011110100110011
0011011010010000
0011100000101101
0011001000001011
0010111100101010
0011000000010100
0011001110010010
0010110110100110
0010111110101101
0010110001110010
0011001100101101
0011100101101010
0011001110011010
0011110100000011
0010101001010010
0010101010011110
0010101100100000
0010011100111000
0001110011100111
0010011111001011
0010100111111111
0011001110111110
0010110110000100
0100010000010000
0010100101110100
0100000100000010
0010110100000101
0011100101111001
0100011101011010
0011111001010000
0100000110111100
0011001110001101
0011100100000100
0011001100001011
0010010010110000
0010100001001100
0010100000011111
0100000101110001
0011111100000101
0100010100010111
0010100000000000
0011000001011100
0011100110000001
0010111110111001
0010111110000010
0011010000000001
0011000001100100
0100110101100010
0011110010011011
0011001000111000
0010111000100000
0011000000110010
0010111101101011
0011101011010110
0011011001100011
0010111010001001
0010011101101100
0010101010111101
0010000000001000
0010001101001010
0011010101100010
0011101100101010
0011101001100110
0010100100011110
0011011110000001
0010010010000101
0011110110001111
0011100010010111
0011110010011100
0010100010101101
0010101000010110
0010101101011101
0100000001110011
0100001011010010
0100110001011110
0011101111101110
0011010010100010
0011101110101001
0010101001100010
0011011101001001
0011100000000000
0011101110110110
0011011110011000
0011100110100110
0010100110001100
0100000000010010
0010110000101111
0100011000001010
0011000011001111
0100110001010101
0011111101100101
0100001100111101
0011010010001010
0011100111001011
0011011001101101
0011000000101111
0011000001101100
0011011100111000
0011101111010110
0101010101000100
0100001000000111
0100010000010110
0011110110101101
0011000010010111
0011111111101000
0011000100111011
0011111010100111
0011011110100011
0010110011110000
0100001000001011
0010111111011101
0011101010010111
0011111110110001
0011110001111011
0011111111001110
0011111000110010
0011010110111111
0010111011000001
0010101110010010
0010100100100100
0010100100100011
0010100001010000
0011011100011000
0011001110111001
0100101101111111
0010011010100010
0100100000000001
0001110101100010
0011101011100110
0010000000001000
0010011010001011
0011001010110101
0011000110111110
0100100110010000
0100010011111100
0100001010000001
0011111101000110
0001111100011010
0011011111001011
0011101101110011
0010011101000011
0011011110110011
0010101100100111
0011111100011001
0011011101011101
0100100100101111
0010111001011000
0011111000100111
0010000000000011
0011110100001011
0010101101101011
0011100101010010
0010100001101000
0100000010001110
0001111000001011
0100011011100111
0011001001000001
0011100000110001
0011010101110111
0011010001100010
0100000001000110
0101000000100000
0100001000111011
0011111001000100
0011101011011000
0010100101001111
0011101011000101
0011001101000001
0011110001111010
0011011010100111
0010100010111111
0011001000010110
0010101100010010
0010111111111001
0011001101000101
0011111001111011
0100010001000011
0100000101110110
0011100110011101
0011000011000101
0011001111001000
0010011100011000
0001010010011001
0010101000010101
0011100000110011
0100011011110011
0100001101000110
0010011110111100
0011100101101000
0001100110101000
0011110011101001
0011010010100011
0011100111111110
0011110011100101
0001111000011111
0011100111101110
0011011001000001
0011101110111001
0100000110110111
0011000000110010
0100111010110111
0011111101011111
0011001101010100
0011100111001001
0010001001101001
0011110110111100
0010100101100001
0100010111010110
0011100001100001
0100011000011011
0011101010111010
0011110100101001
0011001001010001
0100001001010011
0011100001001010
0100011010010111
0010110001101001
0100000010101101
0010011101100000
0011011111110100
0011101101111010
0100100010010100
0100110111000000
0100011110100001
0100010110001011
0011100111111100
0011011110011011
0010110011011000
0011110110110101
0011000101110110
0010111100011010
0010111010000100
0011000011010101
0010111101101111
0011001001110110
0011111111111010
0011100101010010
0100011111010111
0011100100111001
0100011000101101
0100101000011000
0011110010010101
0011110110010011
0011010110010111
0010010101101100
0010111000111000
0011000101011011
0011111111110110
0011011000111100
0010011011110011
0010100110011100
0001101000000111
0010100110110011
0010011100110111
0010100000100001
0011011101100000
0011011100011010
0100100000000111
0011100011100110
0010011001110010
0010101010101100
0001111000001010
0011110100011110
0010111001010011
0010101110010100
0010110010100001
0001110001001101
0011000011110111
0010110110001001
0100001010100011
0010110001000001
0011011011000000
0011010001111000
0011111111110001
0011000110000000
0011110111100100
0011001000110100
0100000011101101
0010111111101100
0011101001111100
0001111011111111
0011110110101001
0010101010110011
0100100011001111
0100011111110111
0100000011110011
0101000001010000
0010110101000010
0011110100010101
0011001001100001
0011101111000100
0010101111100000
0010111001101011
0010100111101110
0010110100110011
0011011111010001
0011100001000001
0011100101100000
0010111110000000
0100010110000010
0011010000110010
0011010011111000
0011100010010010
0011011011000010
0011011000001110
0010101111111001
0010100011101100
0010110100110010
0100001010100000
0011110000011000
0011010011111011
0010011101101111
0010111000000101
0010001011110010
0010111001111111
0010010101010101
0011001101000000
0010111010100101
0011011010110110
0011001100110010
0010110110011000
0010100001101011
0010111101000000
0011000000010101
0011111110001000
0011110000011100
0011011011100110
0011100011010101
0010011101111100
0010110001111001
0011100101111010
0011110011101111
0100010010011111
0100000100110110
0011001111001110
0010110110111001
0011001100111011
0100010010111010
0011110011111110
0101000111111100
0100000111110000
0011011000000100
0001110010011011
0011010100000101
0010010100100000
0011111000101011
0011011001111000
0011011110100000
0100001100000000
0010110001101001
0011110011011111
0010100010110110
0011100011100111
0011000101001100
0100011111011000
0011111001111010
0100111101101000
0011011000110111
0010111110000100
0011010000100010
0010011000110001
0011101000100011
0011101001101001
0011110011111111
0011111100001100
0011110110110100
0100001100001000
0100000000101011
0011001011111001
0011100100010011
0100001001011010
0011011110100101
0011100001001001
0011010010010101
0100000011101001
0011010011000001
0011110001000110
0010011011101001
0010010100110101
0010000000111000
0011001010101111
0011001100111010
0100000010010110
0011100010110110
0011001011110101
0011100001001010
0011000010110000
0100000110100010
0011000010000001
0011010000111111
0010011011000100
0010100111000100
0011011101110100
0010000101001011
0011100011001111
0010100010011101
0011001000010000
0011001011100010
0011101111010011
0011100100001001
0010110100011010
0011110000111101
0011011111000111
0011101001100011
0011000000001000
0011011111010011
0010100001011000
0100001101011011
0011111111001110
0100110110110000
0100011010110001
0011110010111000
0100001000011001
0010111010010011
0011101010011101
0011101100100110
0100011011101001
0011111101001101
0100101011001000
0100000010111011
0010001001010111
0011010000111010
0010110000000110
0100010000100110
0011111111101010
0011101000100110
0011100001001011
0010111011001101
0011101010001001
0011101001110101
0010101001100100
0100010001100000
0011111000001101
0011111001101100
0011100101100001
0011001001100101
0011101011011110
0010110101000010
0010110100100101
0010001110101111
0010010000001010
0010100001011101
0100011001000010
0011011010110011
0101000010010100
0011110000111101
0011010000101110
0100001001111010
0010011111010000
0101001111101001
0010100100110101
0011101000100111
0010111000100011
0011010001001100
0011010101011110
0010111000101001
0011001010010000
0010000111000100
0010110000010110
0010001100101001
0100010001000110
0010110101111010
0100001010101100
0011000001010011
0100001011111101
0011010000100000
0010111111101011
0010111111111010
0010100001111001
0011100100101111
0011011011001010
0011100110100001
0011001110101000
0010101000101001
0100000101110001
0011110101101101
0011010110010011
0011101110111000
0011000111110010
0100000001100011
0101001110100001
0100000011101101
0010110110100010
0011000000100111
0010101000111001
0100100001001111
0100011100001010
0100010001001111
0100011010100111
0011100101100011
0011011000010011
0011000101110011
0010101000000000
0011110100011101
0010110010101010
0100000111111110
0011111000111000
0100001100110000
0011111100111000
0011010000100111
0011000011100001
0011011100001011
0011011001010000
0011011101101111
0100011001111000
0100010000000001
0101010000110111
0100001010011011
0011001010000101
0011111000000001
0010001011110001
0011111001001110
0001010011111110
0011001110100000
0010011101110101
0010110000110111
0001111100000010
0010111010001111
0010011110100101
0010110110101001
0010101000010000
0011000110111000
0011001100101000
0010100000100011
0011111011110110
0011000111011111
0100000000101100
0011000101010011
0011010000110000
0011001110001110
0011110010000101
0011101100101110
0011110010011001
0011000011100001
0011000010011101
0011011100110101
0011100000000011
0011101000001111
0001101111011011
0011000010110010
0011000100100000
0011001011011001
0100011100000000
0011111010001110
0011110001111010
0010111010011101
0011001100101111
0011101100111110
0011110010000110
0011110001101111
0010101000101111
0011000111001101
0010111010101110
0010110101010110
0010001111101011
0011010000000011
0011010111000001
0100110000101101
0011100010010001
0011111001010010
0010100101101110
0010101001011101
0011101001000000
0011001000110011
0100001110010010
0100010101100001
0100110101100101
0100000010011100
0011011000100000
0010101110100011
0010100001110101
0011011000101100
0010010011100110
0011100000100011
0010101011001010
0011010110001100
0010111011010000
0011111100000110
0010111111011100
0011111001010110
0010000110010010
0011111100001011
0010100101010010
0101000001010000
0011000001111001
0011110101001111
0100011101010011
0011001001000110
0011110001111100
0010001000000111
0011010110011000
0011000100000001
0100000001110111
0100000000001100
0100000101100100
0011010100110001
0011001101111010
0011011011011011
0010111111100000
0011111111000111
0011001110001011
0010100001110010
0011110111110011
0010110110010000
0100010110100101
0011101010011111
0100010100000011
0011001000010110
0011110000000110
0011111111000101
0011001101001110
0100001010000011
0011000100100001
0011010111110111
0011011111100010
0010011111000010
0001101101011111
0010111110010101
0011000011100101
0100011000101000
0011101110100110
0011110001110100
0010011101000110
0011000000011011
0011110111000100
0010111111011011
0100010100000011
0011110010110110
0100001010110100
0011101110111110
0011100001000100
0011000111010000
0010100101001110
0011100100000111
0010110011001101
0010101110011010
0011011110100110
0011100011111001
0100010110110000
0100001110111000
0011001011001111
0011110111111110
0010111101011001
0100010000010011
0010100100100100
0011011101001000
0010000011100001
0011011110100111
0011110111101101
0011111111011110
0011101111001111
0010011110110111
0011011101110101
0010110000111101
0011110011110001
0011001001001011
0011101100110110
0011101100010011
0100000100011101
0100001000001000
0010101111100011
0010110001101100
0010011111100100
0001101101000010
0011101001110011
0010011011001110
0011100111011100
0100010110101001
0011100100000001
0011111111000101
0011010011000100
0011101010001010
0010110011101001
0011111100100011
0011011111101101
0010111011110100
0010101011001010
0010001100011100
0010001011110011
0010111111001111
0010001111011110
0011101010000110
0010100100001100
0011000011011011
0001111111100010
0010101101000010
0011010100001011
0011001011111111
0011110001010110
0011001011111111
0011010010001111
0010010101100111
0011000001011001
0011010100001110
0010111100110101
0100000001000111
0011011101010111
0011110000101001
0100011111111101
0100010001110100
0100111111101110
0011110011011111
0011111100001110
0011111011100100
0100010000010100
0011100100001101
0100000011110101
0011000011101010
0010111100110100
0011100000001101
0011010011001001
0011010100101011
0011000110010011
0001111111100111
0100001000101011
0010100010100100
0011100001100011
0011100001010100
0011101110111111
0011110011010110
0011101001110001
0011001001101010
0011100001011011
0010111011001010
0011100110010110
0010101010100000
0010111000110001
0010010100001110
0010101011010110
0100110111101000
0011001100111010
0100011010111010
0010111111011000
0011010101101011
0011101011000111
0011001111111101
0011101001100101
0100000000111000
0011111000011010
0010110101101001
0010101001100011
0001011011010101
0010010101010000
0100000110101010
0010111001111001
0010110110111110
0010100100010001
0011000101011011
0011010011000010
0011010010001111
0010001011010000
0011010000011101
0011100001101011
0010110101110111
0010111111001001
0010110110100111
0011010010000101
0011110111000011
0010101000010101
0011111100101111
0011000111000100
0011101001001111
0011111111101001
0011000110101110
0011111111001101
0011000011011111
0100110111011001
0010110101010000
0011110100100010
0010000111111110
0011001011001100
0011000110111000
0010010111110011
0010100101000011
0010000010000010
0010011010001101
0011001101000100
0001101011000000
0010001100001100
0010111100010010
0010010001001111
0011101100000000
0011001001100100
0010100011100010
0010111010010000
0010011100101101
0011101010101110
0010011100111000
0010011100101011
0010011011010000
0010110101110011
0011100110000001
0010110011010001
0011010100100110
0011110001111000
0011100010110101
0011101110001001
0011000011001101
0011011111010011
0011010010001110
0100010010010010
0001110011100011
0011000011010001
0001111000011111
0011011101110000
0011110000010101
0011100011011111
0011110110001111
0011010101011100
0010111001011101
0010000010101000
0011100011001100
0001110001010010
0011000001001000
0010100000010111
0010010100000000
0010101010001011
0010001101010101
0010111111100000
0011101000110000
0100000001110111
0100010000011000
0011100111001000
0100100001001000
0100000101010001
0011100101100001
0100000100101111
0100010000000111
0101000101000111
0011100000001110
0100001110010101
0010101111011001
0010110000000011
0010110001110111
0010100000101001
0010011010001110
0010100111001010
0011010100011000
0010101001011001
0001110100110111
0010001110011111
0011001000011100
0010111000010000
0100000000000011
0011010010011010
0011000101000011
0011111000100111
0011010100100101
0101010010111011
0010110100011001
0011101101111101
0010101101010001
0010010101001100
0011011111000000
0100001111000101
0010011011011111
0100011111010011
0011011100001100
0011011011111111
0011000101111001
0100000100010110
0010110000101110
0100001000011100
0010011001011010
0011000111011100
0010001111110110
0010110101111111
0011010000110101
0011010000101101
0010110100110000
0011001110000111
0010010101101010
0011010001010111
0010101100101100
0010100110111111
0011010101111110
0100010101011101
0010111110001101
0010111010100111
0010100000001100
0001111111101110
0010101101000010
0011100001111111
0011010110101011
0011010000001101
0011011001010111
0011010010111111
0011001100010000
0010011110101111
0010111111011100
0011000010100000
0010010111010000
0010100100011101
0010101111001100
0011010101001000
0011000111111001
0011111011110000
0010000011011010
0011101001111000
0010101000101010
0010000100110010
0001111011111111
0010001010110001
0001111010011100
0010111101000111
0010110010100001
0011001101001101
0011000111001111
0100000101010101
0010101100010100
0100100111111100
0011000101100001
0100010001100001
0011010110011000
0010011000001100
0011000011011100
0011101110011011
0001011110111100
0011111011100110
0011000001101011
0011000110111010
0010111000010000
0011100001100101
0010111000010101
0100100001000010
0011010101110101
0010110000011101
0010100111000111
0011000010101011
0011010001001111
0011110011011001
0100000110010000
0100001000101011
0010101000111000
0100001001001000
0010110010001011
0100000100101000
0011010010101010
0100011110101010
0011000100110110
0011000100001011
0010001000111010
0001100011100001
0010001101100001
0010100011000001
0011100011100111
0100001001010000
0100000110010001
0100010011100011
0011010001100001
0010110000100100
0001110110111100
0010111010001100
0010100010010110
0010011111100011
0010101111001110
0011011000010111
0010101100000000
0100001010100110
0001010111100111
0100001001111011
0010010110011000
0011011010000010
0010101010111001
0011010100000100
0010111111111001
0100011101011100
0011100001001010
0100000110110100
0011000000100100
0011100110011110
0010110011101101
0100010101101011
0011010110001011
0011111101001110
0010110100111101
0001110101110010
0010101101101000
0011000100011010
0010011000010001
0011100000110110
0011011111000100
0011000011000110
0011010000110101
0011000110110000
0011101011101111
0100011001010001
0011001110000111
0010111100000010
0010111011100101
0010110000101010
0010111010000100
0011111010110000
0011000001000000
0011101110011010
0010100000011000
0100101110101000
0011011001110000
0101100001001001
0011100001010010
0100000001011101
0011001111000101
0010110111011101
0011100011011010
0010011100110111
0011010010001000
0010011010011100
0010111000010000
0011001000000010
0011100111101100
0011011001100001
0001100101111101
0001111011001000
0001000001000100
0010100110110010
0001010110010111
0010100101010100
0011001100010000
0010110100101001
0010110001101001
0100000000011000
0010100110010011
0011101111111010
0010000111011111
0011110011100110
0011000011001001
0011011100111001
0010101111001000
0011011101010010
0011100010011110
0100010100011010
0010101011011110
0010101110011000
0001101100110000
0011101011010001
0010011111011010
0011111110111000
0001111001101101
0010001011101010
0010001101101010
0011000101001010
0011001101100001
0011001111001111
0011110100111000
0010011100100101
0011110101001110
0011000101100100
0100011101101100
0011111110110111
0010101110101010
0010111111111111
0010010011001000
0010001010011100
0011001111110101
0100100010101111
0011101111100110
0011101011001000
0010111000011111
0100101110100110
0100101100000000
0101100100001001
0011011001001001
0100010000110000
0011100111011010
0011000100100011
0011110000001101
0010110001111010
0011110000111001
0011011100000001
0011100100000011
0011000011000100
0010110001111011
0011110110000001
0010000110111101
0010101011001111
0001110011000100
0011100000001011
0001111101100011
0011000001000000
0010101111011011
0011001100001101
0011011101010001
0010110010110101
0010100011000110
0010111001100101
0010010010010010
0010100011011011
0010010001011101
0011001111100000
0011001110101011
0010111010010111
0011010100000110
0011000000000001
0010010011011001
0001111000000011
0001101101000011
0011110100001101
0010110010001010
0100010001111100
0010001000001110
0011011110001101
0010101000111011
0011001100011100
0100001110001000
0011001111111111
0011011001000101
0010000111111100
0010100101011101
0010011000101011
0011100100101000
0011011011010001
0011000000100001
0011000100001011
0010110101001110
0010100111000101
0011110111111001
0100010111000111
0100000110110010
0100111010100100
0011001101110000
0011110011001001
0011011110110001
0011101101100111
0010101011011100
0100001000000001
0011111001110100
0011100101100110
0011101010100000
0011000010100110
0011010100111111
0011101100101101
0011000101111101
0100001010000111
0011001001100110
0011010100010110
0010101010110110
0011111111011001
0010111001001110
0011011000110000
0001010000110100
0010010101110110
0010100000011000
0010101101010101
0010011110010010
0010000001110111
0010110100100101
0010100110101000
0100001101100011
0011001100000100
0011111001110110
0010100111101111
0010111111101010
0010100001010111
0010110001110010
0010001111011111
0001100001101001
0001100000001010
0001100010000101
0010111101000100
0010110011011001
0011101111010001
0010100101110001
0010111101010110
0011101001110111
0011001000101011
0011110111010011
0011100111000101
0011100010001010
0011010000101010
0011011101110100
0010111110101111
0100010010011100
0011010100101011
0011111101100111
0011000011111101
0011000011111100
0010101011101000
0100011100010011
0100010010010000
0100010011110011
0100011000011101
0011101000001000
0100011110000101
0100000100010111
0011001110010000
0011001010001111
0011100110101000
0011011011010100
0010110101101000
0011011110001010
0011010101010111
0011001111101100
0011111100100100
0010001010001011
0100000010001100
0011011001100111
0100001101011110
0011111110000111
0100000000010011
0010101110111110
0011010100000111
0010010011110010
0010000101111101
0011000001011010
0011000001100110
0011001101111010
0010101101101001
0011111101011110
0011001010101011
0011110000011100
0010011001011100
0010101111011111
0001110100100100
0011001111110010
0011000100101100
0011010011001111
0010101010100101
0010110011010100
0010111111001000
0010111001000000
0010101010011100
0011010101000110
0011010001000101
0011100111000000
0011101011010001
0011000101001111
0010101110000110
0011011001111011
0011001100011101
0011000010101100
0010111101111111
0011110010100110
0011001100100101
0100110100000110
0011011001010000
0010111010111100
0011100110001101
0011101000100101
0011010011110100
0100000100000111
0011100000010110
0100010100100011
0101011100101010
0100010101010010
0011101000011101
0011010111001111
0010010101010110
0100000111110101
0011100100111010
0101000000000010
0011010101011011
0011100110001111
0011000111100000
0011011100111101
0011010110100001
0011010101000101
0100111110100011
0100010000110011
0100011111000000
0100001011110110
0011101100010011
0011100110000100
0010110110110100
0010000101010101
0001110010011100
0010101000100011
0010110000101101
0011100100110110
0100000101011010
0100001100100001
0100000101011100
0100011110010001
0011011001010001
0011100110010001
0010001011110110
0011110001111110
0010011110010000
0011100001001100
0011000010011101
0010110011011010
0011000001111110
0010110000001001
0010100110110110
0010000101111001
0010011101101010
0010010101010111
0010010110111110
0011010011001100
0010110101000101
0010011111101011
0010011101010000
0010000100010110
0011110001010001
0011100000001010
0011101001100110
0100001110001011
0011000101011101
0010110111010001
0011101011001000
0011010111010110
0010101010000000
0011011100110101
0100011010000101
0100000101110110
0100010011100001
0011100100101000
0010110011111010
0011101010001011
0010101000011111
0101000101111000
0011111010110010
0101001111010101
0011001000001111
0100010000101111
0011000001011011
0011101111101010
0010111001111111
0011110000011001
0011100111000001
0100000011001111
0100010100000100
0011111001000111
0011001000000111
0010010001111001
0010101101011101
0011011010010001
0010111000100101
0011111111100100
0011101001101101
0011101011111001
0100011111011110
0100010111111101
0100001101011000
0011110001100011
0010100101111111
0011000100111001
0001101110011101
0010111101111001
0011010111110100
0100010111011111
0011111100101011
0011111110110011
0100000011010001
0011011100111010
0011010100010000
0010000000101100
0010110101001110
0010110010011111
0010111001010010
0010011110010000
0001110110000101
0010001111000010
0010001100011001
0001100011111010
0010101101010011
0010100101010000
0011100100000010
0011001011011100
0010000101100001
0010001111100000
0011001111101100
0010111011011010
0100001101100010
0100000001110110
0100000100110010
0011000100100010
0010111000110000
0011011101010101
0010100000011001
0011010101100111
0010111100011001
0100110111101010
0100000111010000
0100000101001100
0001101101100010
0100000101001101
0010011100010101
0011111011000000
0010101010001011
0011001010101000
0011000001110011
0100100001000000
0011100110000111
0100001010111100
0100010001001011
0011011011110001
0011110000101010
0011001001101111
0011000011011010
0011001010101000
0010100101001111
0011001011010001
0100010110100111
0100001011010100
0100111010010100
0100100011110110
0010010100001110
0011000111000100
0001011001011100
0010010100100111
0011001001001000
0011001010000111
0010001000101110
0011010000100100
0010110011011110
0010011010010000
0010100010000010
0010000100000110
0011000010010000
0010101000111101
0011011111010111
0011011001111010
0010101011101000
0010010111110110
0010000101101011
0001101000011110
0001111001111000
0010011001100110
0001111011111000
0010100111100010
0010101001100011
0011011010101111
0100001011010101
0010110111110111
0011111011000010
0011111111100011
0011010111011000
0100001100110000
0011011000101000
0011100000111101
0001100011000011
0011000001110100
0011011010000100
0100010111010001
0011100100110011
0011101000100101
0010011111110101
0011110111100000
0001100101111111
0010111111010111
0010001100001100
0010111000011111
0010101101100011
0010101100100101
0010110001000100
0100000000001000
0011010001010000
0010011011000111
0011100110000000
0010100101011001
0100010010110101
0011001011101110
0010110000001000
0010100010011101
0010011000011000
0011011011101001
0011100010101001
0100101011111100
0010110100100101
0010111011100100
0001100101011100
0001110100011000
0011101110000110
0011110111111110
0010110011110100
0011010011000100
0010000000100011
0010110011101001
0011011110110111
0010100011010111
0100011000000000
0010101111101110
0011010000001101
0011100001010001
0010101001110111
0010111010000111
0010000100101000
0010010100001111
0010110111110010
0011110011110000
0010100101001111
0010101100101010
0010110011010011
0011000101110100
0100010100110000
0011010101111100
0011101110001110
0011011001111000
0010101010001110
0011011100001000
0011011110101100
0100100100011111
0011010000010001
0100100010110010
0011011000001000
0100010001100010
0011100111000101
0011101011011100
0011000101010101
0011001111010000
0001100111010101
0010101001110101
0001110101001111
0010010100011001
0010010111100111
0010011000000001
0011101010111101
0011101100111001
0011100000101100
0011001110111100
0011011100111010
0010011101111011
0100011011110001
0011011000001101
0011010000000010
0010111101010110
0011000010110111
0100101110111010
0100100011101010
0100100001100011
0011000111011101
0010110110110101
0010011110010100
0001111100001100
0010111101110011
0010111110101000
0010000001101110
0010100100111000
0010010010000100
0011100011010110
0100000000101010
0010101110011100
0011010101111000
0010111010101110
0011000111000000
0011111001111101
0001101110100011
0010111011101101
0001100000111001
0010011011101001
0011001010001100
0011000001011111
0011101101000001
0010100110111001
0100001111011101
0100000000010111
0100000110001110
0011100111010100
0011110110001100
0011110101111101
0011110110010101
0100100100101100
0011110010001001
0011100100001000
0010010111100111
0011010100011000
0010110001110000
0011011110000111
0010110100000101
0010101110100101
0010100000100011
0010011101111101
0010101101010011
0011000111110101
0010100111111010
0011010100110000
0011010001111111
0011010010111010
0011101000101110
0001111011101000
0010110011010001
0011110011100011
0011000101010100
0011111000010010
0011011110011100
0011010000110001
0010101100111011
0010111001001101
0011100100010001
0011111011011110
0011110111001010
0011010010111000
0011010100011101
0010111010000000
0010011011011110
0011001000100000
0010011110110110
0011011101101001
0010110110110100
0011000110111011
0010100000001110
0010111011111100
0010111001101100
0011000110101101
0100001000001001
0011101101111101
0011011011011101
0101001000011000
0010010110000011
0011010000101001
0010010100001110
0011100111110010
0011101101101101
0010011111011101
0100000001001101
0010101011010000
0100101101001000
0011110110001011
0011010011001110
0011110100101110
0100100001100001
0100000111111100
0011101111001100
0100000101011010
0011100100101001
0100010010000010
0011011011010101
0011011111011101
0001111001011010
0010111111100011
0010101111100100
0010111011000110
0010011010010000
0010111000000000
0011000101010011
0011001010001011
0010010110101101
0011011111001001
0010110010111111
0010111001001000
0010111011110010
0010111111110000
0011111001001100
0100110101110110
0010100011101100
0011111010101001
0010101101100110
0011100101000100
0010110101010010
0011001101000101
0011111101111101
0011010110111110
0011001101000001
0001110001011010
0010101100101010
0011011101110101
0011100011101000
0100010111111111
0100000101100100
0011100101010101
0010101011111110
0010110001101000
0010111000101011
0011100110111110
0010100101111010
0010101110111001
0011001001100101
0011011100111111
0100011010000010
0100010110000000
0010110000111001
0011100111100011
0011110000101000
0011110000110101
0011110011001000
0010000110011111
0011100110010000
0010010100100101
0011010011110110
0011101100011110
0010101100000001
0100000001000010
0010110110010111
0011101100111011
0011010011010110
0011000101111111
0010100101000110
0010100100111010
0001111111100101
0010101001000100
0010110010101101
0011000100100011
0011010000010010
0010101000110100
0011001011011100
0011011010001001
0100010101110011
0011101101101010
0011110111010000
0100000000001100
0011101011110101
0011111000010101
0010011111101111
0011011000101110
0011001101011011
0011110011000010
0010010111101010
0011100111101011
0010011000000101
0011001011100000
0010100000101000
0011011000010110
0011110100101111
0011001010111111
0010111101010001
0010100000000101
0010111101001111
0100000110010111
0100011001011101
0100111101010111
0100100000001001
0011111000101001
0011001110000101
0010111000111001
0001101101110000
0010101010001110
0001100111100000
0010111100000000
0010110000000011
0010111011001111
0101000100101111
0010110000101001
0010011001111001
0010011001101111
0011010001001010
0011010110000000
0011001010001111
0011011101001111
0010110001111110
0011001111000111
0010111110010110
0100100010111101
0010100110101111
0100001111100111
0011001111110010
0011011000100001
0011100111001011
0011011101101100
0011100110010000
0010100011010100
0010100010010101
0011001100010101
0010111000100000
0011100100100111
0010110110110000
0010010100001100
0010111000111010
0010100111010100
0100100011101000
0011001001110100
0011100111111010
0100000011111101
0011011010101101
0011011110001011
0010011001101100
0011110011110111
0010010000011110
0011110100001011
0010010101110111
0010111110101100
0010100100001110
0011101000011101
0010101010010011
0100001010111101
0011011000010000
0011110110000101
0010101011011110
0011000011011011
0010110111110001
0011110001101110
0100110011010100
0100001110111011
0100110110101100
0011100000011110
0011110111100010
0010000101111000
0010010000111100
0010001100100111
0001111001011000
0001111001001000
0010100010101011
0010000110001111
0011000001100111
0010011111100000
0010101110011110
0010011001100110
0100000100100101
0100011000100001
0011001000101001
0011011000110011
0010001001010000
0011010011001111
0001111100110001
0011010110010000
0001100101111101
0010110100011100
0010101010001110
0010001010010011
0011000111010110
0010100010001011
0010100001100111
0010010110000010
0010011110101001
0100001001001001
0011101100011111
0100110000011001
0010111110101100
0010010010011111
0010001110000000
0001111001010111
0011100100111010
0010010111100111
0011110111011011
0100101110010101
0100001011010111
0011101010100101
0010110000001011
0011100000001001
0001011011011000
0011011001000111
0010011101111101
0010011001011000
0011001001010001
0011100110111011
0010110100000101
0011100011001110
0010110111100010
0100101010010011
0010110001100001
0011101010111000
0010011100110001
0010101111011000
0100011101111101
0011110100001101
0100101001011000
0011000011000011
0011110100110011
0010001100000100
0010110001110011
0010011010110011
0011011001100110
0010101111010010
0010100010101010
0010100010010000
0010101010001000
0001011110011111
0001111011100100
0010010100111001
0011011100001111
0100011001101100
0011100110011100
0100010001100000
0010111000111000
0011110110110011
0011011001101111
0100101001001000
0011101101111101
0011001111101100
0100000000110001
0001111111100001
0100010100010010
0010110111010101
0011110000010010
0011010101101010
0011001010011000
0100001001011000
0011110110100001
0011111100101010
0010001100110100
0010000100010011
0010010100011001
0010011111110001
0011110110111110
0010101110101110
0100100110101000
0011100100100001
0011001101100000
0011011011000101
0010101101111010
0010110010001011
0010000001001111
0010100100101000
0010110000101100
0010111110110101
0011100000100011
0011001110110111
0010111000101000
0011000110110000
0001101110110000
0011001001011001
0001100010010001
0011000011000010
0011001001000000
0010101010100011
0011111101011011
0011001111101001
0100101100100100
0010111100000111
0100010100011111
0010011001101011
0011010000111101
0010111001101000
0011111001111001
0011011000101011
0011100000010110
0011101001011011
0011000001011111
0001100111110100
0010011101101011
0010110010011111
0011100000110101
0100000010010111
0010100001100111
0011000001101000
0010011001011011
0010111110100000
0010110100111011
0011000100100111
0011010000100010
0010100011010111
0011100000011010
0001010010000011
0011011011001001
0011000010010000
0100100010010000
0011010011101101
0011110010101010
0011010011010001
0011111001110110
0100011000000100
0010110101010101
0010101011111010
0010010000111010
0001111010010000
0010101001111000
0010010111000010
0100011001001011
0011000111001001
0011111111001000
0010101111010010
0010101010000110
0010000100011011
0011000110000101
0010101000001011
0011101010100110
0010011111111100
0011011111010100
0010101011111111
0010101101100100
0001110100010011
0010010111101111
0010110101111110
0010010110010110
0010110010111000
0010101000011111
0011010000100110
0100100111010100
0100100011011001
0100010100110011
0011011001011010
0100001011110101
0010110010011010
0011011001111001
0011100101110000
0011111001010011
0100001100011011
0011101100110010
0011001011001101
0010100100000110
0010010010011001
0010110001101111
0010111001100101
0010111011011110
0011001000110010
0010011110000000
0011110010110010
0010111000111101
0011010011100100
0011001011101001
0011010001001111
0100000110011011
0011101010001100
0100010000110101
0010101011001101
0100000000001111
0011011000100110
0100001111001010
0011101001000010
0011101010100101
0010100111110011
0010101100000101
0010110000110110
0011001101100011
0011101101101011
0011001101100001
0011010111000101
0100001101001010
0010110001111110
0011101111110110
0010111000010111
0100010000101000
0011101001100101
0011011110011000
0010100000011000
0001111110110101
0010011001000111
0100110100001011
0011000100001111
0011011101010100
0010111000000110
0010110010001100
0001111100001110
0010100110111001
0010101111100001
0011000111101011
0011100111010101
0010110100000111
0010100010110101
0011100000101001
0010111010101100
0011001111000110
0011010101000001
0011110011111110
0010110001000111
0010111111001111
0011011110001101
0011011000110110
0100011101000000
0100010100011000
0100010000111110
0100010001101000
0011000000111100
0001100111000010
0010100110110110
0001100010100000
0011001111011001
0011000011100010
0011100011110100
0011001011101010
0010100010000001
0011000000100100
0001111011010101
0011000101111110
0011100100101000
0011101010111011
0011101110010111
0011001000011110
0010011100010011
0010111110001010
0011110000000001
0010110110000100
0011111010011010
0010110001110010
0011011001101111
0011100101000111
0100000111001010
0010111110111100
0011111101111100
0100000100011001
0011011100101111
0011110111111000
0011011011111011
0011111001101011
0011100111001101
0011110111000001
0011101000101001
0011000110111000
0011111111010011
0100101001011110
0011001111011110
0011001101111101
0001110010100000
0010100111000100
0001111000011000
0100001111100110
0011101010101101
0011110110111100
0011001100010000
0010111011000000
0011011101000110
0011001100100010
0010110101000100
0010100100001111
0011000110110110
0010011111001011
0010001001100010
0010100010010001
0011111010011000
0011100011111011
0101011011001000
0011010111110110
0011011000110100
0010111111100000
0100111111011101
0011001011110100
0011110100000101
0010010111001110
0011110001011101
0011110011101110
0100000101001011
0100011011111101
0011000011000100
0011000001110100
0010000100010010
0010100110001111
0011101001010111
0011101100101111
0100011101100000
0011101111010011
0011000010010001
0011111111111101
0100111000001011
0011001101110001
0011001111011001
0001001010001010
0011010000100000
0011110010110010
0100101110110011
0100100100000001
0011110110110011
0011101011100111
0010110011100001
0011010101001111
0010100011111010
0011010110111110
0011111101010101
0100100000010010
0011011110101000
0010101011010000
0011100000100011
0011001000100001
0011011100001001
0011100100100001
0011001110111110
0010111000101000
0010101011000001
0101000000111010
0011100110010110
0100010001001010
0010110100100101
0010100100100111
0010110001000111
0001110100110000
0010001010011000
0010101001000101
0010001111011011
0010010111010001
0010000100000010
0010001010001110
0011101011010010
0011010111000110
0100101110011010
0011011111110011
0011110101010000
0011100010101101
0100000111111101
0010101010110011
0011001011000000
0011001101001100
0011111011100100
0011111111010110
0011110101101101
0100010010110101
0010101100110010
0010100001001011
0010101100011000
0001100011011010
0011010110100000
0011000101001001
0011010100000001
0010110000011101
0010110110101100
0011001111100000
0100101101111001
0011111110011110
0100011111000100
0010101010011100
0100011001001011
0011101011000100
0101000001101110
0100001111111100
0010110010110111
0011010010111110
0011011110111100
0100000110101000
0011010110100100
0010110111000110
0010010101101100
0010110010001001
0011001000101101
0011010001101001
0011110101110000
0011001110101011
0100000101001100
0011111010111111
0010110100001101
0011111101110000
0010110010011001
0100011011100011
0010110111011011
0011111110111110
0010110000001100
0011110110000111
0011011110110001
0010010110010101
0011000000110010
0011101010011000
0010010100110001
0010010110100111
0010001001101100
0010111110101100
0100010110100011
0100001100110110
0100000010011101
0011011110001111
0011100100000110
0011000101101011
0100110000010010
0011110111011111
0100100100010101
0100000110101011
0011001010011101
0011110110010000
0011001110011010
0011011011011001
0010111000011111
0010110100111111
0010001111001000
0010010000011110
0011011100100000
0011000111111100
0011001010110010
0010111011110100
0011011110100010
0011110000011111
0100100110100111
0011101111101011
0011000011011000
0001101100010011
0011000010110100
0011000010001100
0101000101010100
0100001001101111
0011001000111110
0010110101110111
0010110011111001
0011101011010011
0010110000100100
0010100000010111
0001111110110010
0010111101101111
0011111111010010
0011010101110011
0011110111111111
0010001001101100
0011000101110000
0011100000111111
0011000011010110
0100010001010011
0010101101101010
0011101000011001
0010101001110011
0100000001010110
0010111000110101
0010001100100010
0001111010000111
0010110011011100
0010100100101100
0011100010000000
0001011011111100
0010011011111101
0001101000001100
0001110101101111
0011010101111100
0011010001101001
0011100011110111
0010110010010010
0010111001000111
0011000101001011
0011110011010110
0010101011011001
0011011110111001
0011010011111110
0010111001010111
0011101001000110
0010101101011011
0011100001001010
0010010011001001
0011010111110011
0010101110001011
0011000101011011
0010101101011011
0010101011001100
0010101010001001
0010110011110011
0010011010101000
0011100011010010
0011101001110011
0010101011000011
0011001000000011
0010010010011100
0010101001001010
0010110001111111
0011110100011000
0011101001100011
0011011001000011
0011110101111011
0010111111011000
0100101100011111
0010101110111100
0011100110111001
0001101111111000
0010101110101011
0011011111000111
0010111110000110
0011010000000001
0001110101000010
0010110011110010
0011010011010111
0011011001010011
0100010110010000
0010100001001110
0010111111001100
0010010101101110
0010101000000111
0011001011011011
0010011101000010
0010001111111010
0100001101011011
0010101000100010
0011011111111101
0001011100000011
0010011001111101
0001110110001111
0010010001001000
0010011011101101
0010101011101111
0100001111010110
0011001111110011
0011010100101011
0011010111000010
0011110010001000
0010101111000010
0011100011110101
0011101110110101
0010110000100101
0011011100000101
0001111110101000
0010011110000011
0010010110110010
0011101100011011
0010111101101011
0010011001011101
0011100001000011
0011100001011110
0011000010101010
0011111000111101
0010101010111001
0010101011011101
0011000101001101
0010001011101001
0011010101111001
0011000111101000
0010101101010000
0011111101110110
0011111011110110
0100000000110111
0011001010011000
0011001100101100
0001100000010000
0100010001101000
0011000010011011
0100001110111000
0010001100111010
0011101111000000
0010011001101101
0011001010001000
0010001111011000
0001001101000011
0010010100101001
0001111110010110
0011001101111010
0011010110100110
0011010011111110
0010100111001001
0010111000010101
0001111011001011
0010111000100100
0010100100000111
0010110110110101
0011010101111101
0001111000000001
0010000100101110
0001010001110000
0010000001010001
0001100011001001
0010000010000111
0010001110100001
0010010001101100
0011101011000101
0010101011010110
0011001011110000
0010101110011101
0011000101011101
0010111001000101
0011101011101101
0011111001011110
0011011010001000
0011101100100010
0010101100000111
0010110000100101
0011100011110110
0011010000110101
0011101011111001
0011011100110100
0100001000010011
0011111100111001
0011001001001000
0010110111001000
0011010010110110
0010010101011100
0011100000101011
0010110001010100
0011001011010111
0011010111111111
0010110011111000
0011010110001011
0010100010011000
0010011111011101
0010010110001101
0011000010101000
0010010010010101
0100000101001010
0011011000001101
0011011000010000
0001111010001111
0010111100101010
0001110110010001
0010100101010000
0010000001101011
0001011110110100
0010111010000001
0001110001111111
0011101111111001
0010110010101011
0011000011000011
0010000000100100
0010101111100100
0010110100101111
0011011100100001
0011000011100110
0100001010110100
0011001001100100
0010100000111010
0010100110001011
0010110001100011
0011111001000101
0010001101001001
0011010000001000
0010101000111001
0011110111010110
0011101011000001
0010101111110001
0011111100101011
0100000100001010
