0001010010000001
0001100100101100
0000110110110101
0001000011101011
0001010001111001
0001100110001101
0001101111100110
0001000100110110
0000111111100001
0001001100000111
0001011101000000
0001101110101001
0010001100011000
0010000110000011
0001001010011001
0001000011010010
0001011010100100
0000111110001110
0001010101111100
0000111000011010
0001100011101001
0001111011011010
0001010001100111
0001100001000111
0000110001010110
0000111010010110
0000101000110100
0000101011111011
0001010111110011
0001001011110011
0001101101010011
0001000010000010
0000011100110110
0000010000010100
0001011001111001
0000110110101111
0001001010101111
0001100001101010
0001001111100101
0000100010011100
0001001001110001
0000011000110001
0000101101000101
0001000010010101
0001000011000010
0001000111110111
0001010101110010
0001100101100110
0001011010010001
0001110011111100
0001110010001011
0001010110001000
0001011011101101
0001100000000000
0000100011011010
0000101001000011
0000111110010110
0001001100011010
0000100100111110
0000101110010101
0000110100001101
0001100110101011
0001110000100010
0001000111001010
0001100010011011
0001011100001100
0000101001111001
0001101000000101
0001111011111111
0001001100101110
0001001010001101
0000110000110000
0000011101110011
0001011100110000
0001110100001001
0001100101110110
0001001010100010
0001000101111101
0001011100100000
0000101010101001
0000100100010100
0000011110101000
0001011010010110
0001010100010100
0001000010001110
0001010011110011
0001011011000001
0000110010101000
0001000000110001
0000101101100100
0001100111000000
0000111111011100
0001000010000110
0001010000011101
0000100010110100
0000010001000110
0001010001000010
0001001101000100
0001001001001011
0001100101000001
0001101101110010
0000101011100110
0001101010001000
0001010011111111
0001011100100001
0001110110011111
0001010110000000
0000010011000011
0000101000011100
0001010110100000
0000111110000110
0001001100111011
0001110101001000
0001100000011100
0000111101101001
0001011011100001
0001001100001111
0000111100101010
0001010110001001
0001100001011010
0000110010011001
0000101001100011
0001000101000001
0001110100101101
0001111010001011
0001101000000001
0000110111001101
0010001001010011
0000101111010101
0000111000001110
0001100011000101
0000101110111011
0001101010100100
0001011011001111
0001010011101000
0001001101000011
0001010101011101
0000110111000100
0000111101110110
0001000111111101
0001001001001010
0001010010110001
0000101001011111
0000010101111101
0000110100011010
0001001101000000
0000110110011010
0000111001011101
0001000111101110
0000101111111111
0000111111110110
0000111001010001
0001001001001100
0001001100101111
0001001111011100
0001001101011011
0000111110101101
0000011110110111
0001000010111001
0001000010010000
0000011111010000
0000010001111110
0001000101010111
0000100010000000
0001000001100111
0001101001011000
0001101111001110
0001011111000100
0001110100011100
0001000101000100
0000010011001101
0000101001110010
0000111100001111
0000111100110111
0000111111101111
0001110000101001
0001011010000101
0000111110010100
0001000110010010
0000111101110011
0001000010011111
0001010110010110
0001000111001111
0000100011111001
0000001111010000
0000111010101011
0001110001010100
0001001110010111
0001011001101101
0000110100100111
0001000001010111
0000110010010110
0001000001111110
0000110111010111
0001000011111101
0001000011010110
0001001010110011
0001101011011000
0000100011111110
0000101100000011
0001010010110011
0001001101111011
0000111000010010
0001011111101010
0001010101111000
0001000101010100
0000100101111010
0001101000001100
0001011011100110
0000110011111001
0001000010111001
0000011110010011
0001001111001000
0000110110110010
0000101101110001
0001010010011000
0001001100010001
0001111100001000
0001000100000101
0000110100011110
0001001100111011
0001011001011100
0000110111000000
0000100110111001
0000110101000001
0001000011010110
0000111110110100
0001001000001011
0001010010101110
0001100010110010
0001000100001110
0000111101100001
0001001100111011
0000011000111001
0000111001100100
0001000110111110
0001011110001101
0000101111101010
0001000111001010
0001011101111111
0001100011110001
0010001010011010
0001111100100000
0001001011000100
0000101101001100
0001000110010001
0000111001011100
0000010101101001
0001100110100101
0001001101111011
0001001010010010
0001001011100000
0000100101100000
0001000010100100
0001111000100100
0001101001000010
0001001001011000
0000101100101111
0000100111110000
0001010000011000
0000111001010110
0000111001110110
0001101101011110
0001010010001111
0000001011011010
0001010000011100
0001010100011100
0000111011000100
0001011111110010
0001010110011011
0001100110110101
0001010110011010
0000111111000110
0001001110010011
0001010111110001
0000011101100011
0000101011101111
0000111101101000
0001001100010011
0001001101101010
0001010000000110
0000111011110011
0001100001011011
0001110101110001
0001000110100101
0001000110001010
0001001010110011
0000110100001001
0001110011000111
0001000011001000
0001001100101100
0001010000011101
0001000100111110
0000100110010110
0001000110101100
0001010000011000
0001000110110010
0000110011001000
0001011111101000
0000111110110010
0000100101111010
0000110010101011
0000111001010111
0001100101001110
0010000001001001
0000101001010100
0000011110110001
0001010001000100
0001100110111100
0000111011010010
0000110111000111
0001010011011011
0001001011010000
0001100000100010
0001101101011000
0000010010101100
0001011100011001
0001011110100011
0010000101111110
0001100111100001
0001000111001111
0001000010011011
0001010000011111
0000111101110011
0001010001010010
0001110101000011
0001001100110001
0001011000100110
0001101100101011
0001011111100011
0001001110101110
0001100111100001
0000111101000110
0001111011111100
0001010100110110
0000111010101000
0001101011000100
0000111110001000
0000111101101111
0001000010010110
0001001001001111
0001100001010110
0001011110000000
0001000010001000
0000111010111100
0001011100001100
0001010100110100
0000101111010101
0001010110101111
0001000111001100
0000111011001101
0000110110001100
0001011101110010
0001010011101100
0001001000001011
0001000111011110
0000110100111010
0000111000111100
0000111000000100
0000111101100101
0000111100101101
0001001110111101
0001001001100000
0001000001111110
0000110110111001
0001000010010110
0001111100100110
0000111010001011
0001010100101001
0001010010101111
0001010000111000
0000110101111000
0000100000000101
0001010010111000
0001111000000000
0001011011000001
0001110111010010
0001110001011001
0000111010000001
0001010100100101
0001100001101110
0001110000001101
0010000010010111
0001001101100110
0000100100011000
0000110101110101
0001010110100000
0001011101100010
0001101110010010
0001100100101010
0001100010100110
0001100001001111
0001000110001010
0001001000100100
0001100000100010
0001011100101011
0001011101100100
0000111110111000
0001001001100010
0001001100011110
0000110011110000
0001001111011010
0001101100100011
0001001110110110
0000110011111111
0000110011111101
0000110010010011
0001000001011000
0001011010011110
0000110100010100
0000111001111101
0001010100100110
0001000001000110
0000101000011111
0001000110001100
0001100101011110
0001011110101110
0001100101000101
0000101111010111
0000111001000000
0000110101101111
0001100101111101
0001100010011011
0001001111111001
0001000110101111
0001100111001000
0001000100100100
0001000000010011
0001001010000000
0001010110000110
0001100000110001
0001000110001010
0001111010000101
0001100101011111
0000110001000000
0000011010000100
0001101101011100
0001100011011111
0001011011011100
0001100000010100
0001101011111110
0001011000111010
0001111101000100
0001010101111000
0001100111000110
0001001110111100
0000100000110001
0000111000001011
0001010010010011
0001011001111101
0000111110000110
0001010000011110
0001100000110001
0001010110001010
0000110011001101
0000110011111001
0001101111001000
0001110011110111
0001000110000111
0000110001011001
0001000000101000
0001100000010001
0001000011011110
0000010010010011
0000110101011101
0001011101100010
0000010111111101
0000110101000111
0000100100111110
0001001100010001
0001110001000101
0001010010010111
0000111101001011
0001011010100011
0001001100110100
0000111100011100
0001000101011111
0001000001100101
0001110101000001
0001100111111101
0000110011110000
0001001111010010
0001010100011011
0001101000100001
0001110101101010
0001010111110011
0000110100011010
0001010000110010
0000110111101010
0000011110101101
0000011010010111
0001001100011110
0001111110111110
0000101110000011
0001011111001010
0001111100100110
0001011111110001
0000111111000111
0001010101101101
0001010100111101
0001011011101111
0001011111001100
0001111011101011
0000110000111010
0001100100011111
0001000001100010
0001101011001110
0000111110010010
0000100010101110
0000111111001011
0001000110001110
0001110010001110
0000101011111111
0000011010111010
0001010011111000
0001010111110010
0001001111100000
0000111100110110
0001100011110110
0001101110100110
0001010111011000
0001111000010100
0001011001100100
0001011001011011
0001101111011110
0001000010100100
0000100101100101
0001010010110000
0000110000010001
0001001110101110
0001000110011111
0001100011011101
0001100010011001
0001001011100101
0001010001001100
0000110011000110
0000101001100000
0000101000100101
0001000101011000
0001001100001110
0001100111111110
0001010011110001
0000101010011100
0001100111111101
0001101110110111
0001111110010100
0001010111111011
0001011010010111
0001010111001010
0001010111110001
0000110100111101
0000011010110000
0000111100011110
0000110010111010
0001110100100010
0001000011111100
0001001001011110
0001101010000111
0001100110111010
0001111010000110
0010000000110101
0001001001100101
0001001001110001
0001001111100111
0001101001100011
0000110011010100
0001010110101101
0000101100000111
0001100100011100
0001001011010001
0000110000010001
0000100100001101
0000011001111011
0001101000011001
0001011011000100
0000000100001111
0000101100010100
0001011001011011
0000101011110011
0000011100011110
0000110010110001
0001000110101110
0001011000111100
0001100101110111
0001010011010000
0001000000111000
0001000111010101
0001011001110001
0001000100001001
0001011101011011
0001000110100110
0000110001111100
0000111111100011
0000111010011001
0001100011011111
0001000111000101
0001011001010001
0000110010100010
0001000111001100
0001010101101101
0001010001110011
0001000111011101
0001001010000110
0001101011101110
0001001000000010
0001001001001010
0001110000001011
0001110100100001
0001101010111111
0001110000001001
0010010001001011
0001101101110000
0001001111000011
0001010110000111
0000111111100111
0000111110010011
0000111011011001
0001001111010011
0000111100000100
0001000111100010
0000011000101110
0001010111000100
0001111001101001
0001011000011111
0001011001101000
0001001001001000
0001000011100100
0001001011000111
0001001111110101
0001010010111100
0001000101110110
0001101010100100
0001010111010100
0001001001101111
0000011110100110
0000111100011110
0001011101111010
0000101011010011
0000010011011101
0001101010001111
0001011000101100
0000011101100100
0000100101010010
0001010010110011
0001011101001011
0001100011110011
0001010110010111
0001001000011110
0000111100000011
0001000010000111
0001100001110001
0001100011010010
0001010011110000
0000100110010000
0000101001001000
0000111001010001
0000111110001011
0001110100001111
0001011001000110
0000101001000111
0001010101001111
0001100110111100
0001100111101011
0001110100100011
0001001100111001
0001011010101000
0001001001011011
0001000111001010
0001011001111011
0001011100111000
0010000001100111
0010000010110010
0001111010101010
0001101111000100
0001000001110011
0001000100001100
0000111110110111
0000111100010110
0000100100111000
0000011111010011
0000010110101000
0001011010101001
0001001010100101
0000111110110010
0001010001010000
0001000011101101
0001001000000011
0001010111011011
0000100100001000
0000111101010101
0001010100100010
0001111001100101
0000111100101010
0001011010010100
0000101101101111
0000011011000000
0000001111101111
0000011000111001
0000001100111011
0000001000110101
0000000110101011
0000110011111011
0010000011110110
0001110101111101
0000111110000101
0000110100000010
0001011000110100
0001001010011011
0001011000111010
0001111000010011
0001100001010001
0001001011111010
0001100111000110
0001101000001110
0000111001001010
0001000110111111
0001001100011101
0001100100100101
0000111011010101
0001011001111101
0001010001000111
0000100000111010
0000111010100111
0001111001011111
0001001011001110
0001101000010110
0001100100101011
0001011011001011
0001001001101000
0001000101111111
0001100100010111
0001010000010011
0001000010000110
0001010100001101
0001101010010000
0001010000001011
0001010000001111
0000101111011110
0000110110110001
0001000101010111
0001000011111100
0000110100000010
0000101101010001
0001001111000010
0001101100011100
0001100110101001
0000101110011010
0000100101000100
0000110111001110
0000111101101111
0001000111001111
0000101100101110
0001011111000000
0010000001110110
0001101110011001
0001000110001110
0000111111011101
0000111101110000
0000111100001110
0000100001011100
0000111110000111
0000110000101101
0000101011100010
0000101110010100
0000111111001011
0001111011111000
0001111110110001
0000110110110100
0000011110101001
0000110000001000
0000011110110000
0001010011000101
0001011101110000
0000110110001100
0001011011101100
0001101000011001
0000110100100110
0001010000111110
0001110000001100
0001110010101100
0000110000001101
0000111000111010
0000111101101100
0000011110000011
0000010011010011
0001010111111010
0000111100101001
0000100110110000
0000101101111000
0000011101001110
0001001000011000
0000111011111111
0000011110001001
0001000100000101
0000111010100001
0000100101011111
0000101100001001
0000100101010010
0000110000011111
0000010011000000
0000101001110001
0001001111001111
0001100110000101
0001010111100001
0001010101011011
0001011001110001
0000101100001000
0001011110011000
0001000010101111
0000111000010100
0000111101000100
0001000110111100
0001110001011010
0001000010110000
0000111001011001
0001010100111000
0001101010111000
0001110110001101
0001000100000010
0000110111101001
0001011100100101
0001000001000110
0001010101110010
0001101000111000
0001001111111110
0001111011011101
0001011101000001
0001001001010000
0001111011111100
0001000000001101
0000111011000001
0000110111001011
0001000010010010
0000110110110000
0001011101001011
0001101100101000
0001100011001111
0001010011100011
0001001011010111
0000110111100011
0000101100110101
0000110110111000
0001000001001000
0001000011100101
0000111000010001
0000110010001100
0000011010011101
0001010010011110
0001000110001110
0001001111100100
0001010010010011
0000111111000001
0001100101001111
0001000000010000
0001000011111001
0000100001001101
0000100111101101
0001000101000110
0000110010101011
0000111111110100
0001011001100001
0000111110000011
0001000111011001
0001101011111110
0001110100110011
0000111100100100
0001000100100110
0001110100000010
0000101100000111
0000110100010111
0001000011111100
0000101100111100
0000110011001111
0000101001000100
0001000000101111
0001101011101011
0001011011011110
0000100011010111
0000101010001001
0001000101101100
0001000011010101
0001001100110101
0001000100100100
0000101001010001
0000110100111101
0001100101110001
0001010001001100
0001001010011100
0001101000100111
0001100001001100
0000111011111101
0001000010111000
0001001100110000
0001101111111011
0001011011110111
0001010001010100
0000100000111011
0000111100010010
0001010001110100
0000011101011101
0001010100001110
0001111110110000
0001010000101100
0000010101101100
0000101011101010
0001100000010111
0001110001001010
0001001111001111
0001010010101011
0000100011000010
0000101110100100
0001000011101100
0001110000001000
0001000011010011
0001101101001011
0000111101010000
0001001101000100
0001010110010111
0000100011101100
0001010010000101
0001011011101110
0001011111101001
0001100100111101
0001000000101100
0000111100001001
0001011100111111
0001100110000000
0000100101000100
0000110101011101
0001011011110100
0001000010100001
0000100001111001
0001000110111101
0000110111011000
0000110111100101
0000111010100111
0000110011101111
0001001100111011
0010001010000010
0001010110011010
0000110111111101
0000100100100110
0000000110010100
0000010100010000
0000111100000101
0001010001111010
0001010001100010
0001101110001101
0001110101100110
0000111011100111
0000110101111011
0001110001101001
0000111100111011
0001001010110011
0001000101110010
0001101101111010
0001001001000001
0000111111000001
0000111011100101
0000010001001100
0001010101100010
0000101101101010
0001011000001001
0001011100111010
0001100101001111
0000101011001010
0000101100110100
0001001110001010
0001011001001100
0001010011001110
0001010110000111
0001000110000000
0000101101111001
0000110010110001
0001010110010000
0000111001011000
0001011000101011
0000111111111110
0000010011100101
0000111010010001
0001001111100101
0001001001111010
0001000100000101
0001100000100000
0000101100101101
0000100101110111
0000111010110100
0001001001111001
0001100100111000
0001000110011001
0001011011010011
0001010010100101
0001001000000011
0001001011101000
0001001011011111
0001001001011110
0001001010110010
0001001000010011
0001100111101000
0000111100001100
0001110000000110
0001010110000110
0001010110001100
0000110101111111
0000100100110111
0000011000101000
0001000011100101
0001001101101101
0000100111100001
0001010000001100
0001001100100100
0000111001011011
0000110000011101
0001010001011110
0001100110100001
0001010110101101
0000100100011101
0001010100011010
0001010011110001
0000111110110110
0001000111111001
0001000010100100
0001011011010000
0000101011101111
0000110010011010
0000111100101110
0001001010100001
0001000010111011
0001001000100001
0001010110101101
0001001011000001
0000111010100111
0001001000111001
0001010101000000
0001011111101100
0000110001111010
0001101000111100
0001000101011001
0001011110101110
0001011000101011
0000110001111100
0000010111011110
0000110110000110
0001100010100111
0000110001000111
0001000000100111
0001010001010100
0000101001100100
0001011101001111
0001111001010000
0001101000011010
0000111101001000
0001100000000000
0001011011101010
0000111100110111
0001011010101000
0000111100100011
0001010111100110
0001101101101110
0001001101010000
0001001010010011
0000100100111011
0001011100000101
0000101011110001
0001001110000110
0001010011111101
0000110001101011
0001001111010000
0001101101100001
0001011000100101
0001001011111011
0001000100001110
0001001010000001
0000111110010010
0001000101100011
0000100011000001
0001100011111101
0001101111000111
0001001000011100
0001001001001101
0001000011101111
0000101001101111
0001000001011011
0001000011110000
0001100111000000
0000110100001110
0000011100100001
0001011010110001
0001110110001000
0001101001110001
0000111101010000
0000110111000011
0000110010000010
0000111101000001
0001010101001001
0001010101111111
0001101110101100
0000111100100101
0000101111101110
0000110011011100
0001011100100000
0001100111100101
0001000111111000
0000111111000110
0001000010000010
0001100001011011
0001100010000111
0000111101111111
0000111100100010
0001001110100011
0001010111011000
0010000000011101
0001111000011110
0001100000110011
0001100000011011
0001001011101001
0000111001001101
0001001100111100
0000111110011010
0000011011010101
0001010010111001
0001001111111000
0001010010100011
0000011101001001
0000110001000100
0000111111111010
0001000111010011
0001101000001010
0001010000101010
0000111111000001
0001101111100110
0001111101100100
0000111110110001
0001010011101010
0010000000111111
0001001101000101
0000101110110001
0000101010111110
0001011110000001
0001111101101011
0001010010100100
0001110110101001
0001100010001001
0001001111100011
0001000011000100
0000011010000000
0000101101001001
0001011000001011
0000101100011010
0001001000011110
0001111011010010
0001001100101001
0000110011001111
0001101100100110
0001000101111011
0001000111010100
0001001011111001
0001001010000101
0000111100001010
0001010011010100
0000100110000010
0000100101101110
0001100110000101
0001001001111010
0001001110100011
0001010011010010
0001101011001010
0001001101010100
0001001110011100
0001100001001011
0000110110111111
0000111101000000
0001000100000010
0001101101100001
0001011100111100
0001010111010001
0010000111100001
0001010010000101
0001001011110110
0000100000010010
0000110110100011
0000110011001000
0001000001001001
0001101001111101
0001101111111010
0001001111000100
0000011101011101
0000100111110011
0000111101010101
0001011001110101
0001001011010010
0001100011010111
0001001111100011
0001111001110001
0001001001011100
0001000010010100
0001100101001110
0001010111110011
0001001111101010
0001010110001011
0001100011001100
0001011101001111
0000110010011000
0000111100101101
0001010110001011
0001011110000011
0001011100100101
0001000100011100
0000010101111001
0001010000110111
0001001010111111
0001001001000001
0001011010000000
0001010001010110
0000100101000110
0001001101000100
0000111110110011
0001001101000101
0001010010011001
0000111100101000
0001100000100101
0001011010001001
0001010100100100
0001000110100001
0001110111100101
0001011110111000
0001001111111011
0001101000100101
0001011010101011
0000110111100101
0000101010111110
0000101010000010
0000110000110100
0000110001010110
0000101110111011
0001011011001011
0001010111011001
0000100111100000
0001000011100111
0000111101010010
0001001000100101
0001010110111111
0000101010101010
0001101010100101
0001001100010101
0001001111110000
0001001111110111
0001011111010011
0000110101000011
0000111110100111
0000111000001001
0001101001111111
0000110000110000
0000110000101101
0001001000100000
0001001100101111
0001011111110000
0001100000011011
0001010001010100
0001010110100111
0001111100010010
0010000000110111
0001101101011001
0001000110000001
0000011011111101
0000110100100100
0001000001100110
0001000011101011
0001000000100100
0001010011010001
0001010100011011
0000111011101111
0001000101111011
0001100011000000
0001011000000100
0001100110000101
0001001011001110
0001010011100011
0000110111001000
0000101110000011
0001011011110111
0000111001000111
0000110010110011
0001010100110000
0000100101110011
0001000111100010
0001011000100000
0010000110001110
0001100001000100
0001001011100000
0000101110100101
0001001001010110
0000111000100011
0000111000001010
0000110011100011
0001010100100000
0000111100111100
0001000101100010
0001101000100010
0001111101101100
0001100000110011
0000101000111101
0000100101011011
0001001010111010
0000100100010111
0001010001101010
0001001000111111
0001000011100101
0000111101001101
0001010100000111
0000111001101000
0000111101011110
0001011101100101
0001101100101001
0001011010011001
0000011111011000
0001010000010111
0000011111000111
0000010001110001
0001010101011011
0001101010110011
0001000000110000
0000110111010110
0001111000111010
0001101010111001
0001100100000001
0001010001110110
0001001100011011
0000111000110001
0001110011101101
0001111101001110
0001100001111010
0001101001001000
0001100000010110
0001011010011100
0001010010111110
0001000101010101
0000111010001111
0000101100100100
0000111110000001
0001110100000010
0000110010000010
0000110111100110
0001001100101011
0000110000011011
0001010111001100
0000110101011011
0000100011111001
0000110000111101
0001011111000010
0001011110101100
0001110001101101
0000101110011000
0001000010001101
0001010110110101
0000111101101010
0000111110100111
0001001101000010
0000100010000101
0000010011100100
0000101100111101
0001110011101100
0001110101101001
0001011110010001
0001000000001110
0001101100010011
0001001101101000
0000101001101110
0000111110100010
0000011110001100
0000101111101111
0001010110100100
0001010000011010
0000101111100011
0000001111101000
0000100101000000
0001010110101111
0001000101001111
0001001001000111
0001010000000011
0000010000010001
0001000011110011
0001100101111110
0000111111000010
0000011110011001
0000101001001010
0001011101001100
0001110110001100
0001110010110001
0001110000110000
0000111011001001
0001010010011101
0010000010011001
0000111101101000
0000101010110110
0001011010101100
0001011111010000
0000011100111110
0000111101011001
0001001101101000
0001001100101101
0000101100001011
0001110010001101
0001001100011100
0000111011110011
0000101111001101
0000111111001011
0001010101000010
0001000000100000
0000110011011100
0000110101011110
0001010100100001
0000110001110001
0001001000100000
0000111011000110
0000101110111011
0001100001001100
0000110100010010
0000010001000111
0001000000001011
0001000001001101
0000100000011110
0000101010111111
0001100111100110
0001011110010010
0001010110000011
0001011010101011
0001100001101101
0001110011000001
0000110000000100
0001001011010101
0001011011111010
0000110000001111
0001010101100010
0001001100100100
0001101100001101
0001001100111011
0000100111101111
0000101101011011
0000110001101001
0001011011100010
0001100011000111
0001001110010101
0000110001010011
0001000011110011
0001011101011011
0000101000001110
0000010001001101
0000110101111000
0001010001101111
0001000111000101
0001011010000001
0001000100101110
0001001010101011
0001011100010011
0000110010110001
0000010001010110
0001011010001100
0001111001111110
0001000001101000
0000111101101100
0001000010000110
0001000110000010
0000101011011010
0001100010101010
0001001010101001
0001001100100000
0000100010011001
0001001100000100
0001001110001001
0001001110001001
0001000111010110
0000111000011110
0000011011011100
0000100111010111
0000111010010000
0001000011111000
0000111000111011
0001110000001000
0001001101011011
0000100010101010
0001010011011001
0001001011101000
0000110111011000
0000110110010010
0001000100000110
0000111110010111
0001000111111111
0000110110010010
0001010100010101
0000101101100111
0000111100001010
0000111010011011
0001110100000011
0001100111101111
0001100101000101
0000101010101100
0001011000001111
0001010111111000
0001000110111011
0000111110100110
0001000010001100
0001100010011111
0001110111001111
0001011101110100
0000100010000010
0000011101101101
0001000101110111
0001011010111101
0000100110000001
0000101111011110
0001010001100111
0001000011010001
0001011100111111
0001111111111010
0001010111010111
0000110011010110
0000110011111001
0000101001110101
0001011100000101
0001100010000101
0000110110001010
0000101110100000
0001000010001000
0001000001111001
0000101011111111
0001000000111111
0001100010010110
0001011000000010
0001001111111010
0001000100111100
0001100010001110
0000011110011001
0001011000001011
0001100100000010
0001000000011011
0001000110000100
0001000010010011
0001101111100011
0001101100010011
0001110001111100
0001011001001010
0000100001111011
0001011001011011
0001001110100010
0000001110000000
0001001100110010
0001010110000100
0001000010000101
0001000110110101
0001001010010100
0001001000001010
0001000100111111
0001001101000010
0001010010011101
0001011011000110
0001111001001100
0001100011011100
0001010101011100
0000111101001110
0001001111100100
0000110110100011
0000001011101000
0001000001111101
0001011110111010
0001101111101010
0010000010110010
0000111101010111
0001001110001000
0001011110010101
0001001101101010
0001011000010010
0001011100000100
0001101111110000
0001001001101101
0001111101110000
0001100110101011
0000111100101010
0000101011110101
0001001001100000
0001011011001100
0001110100011000
0001011111000100
0001000000100101
0000110010110101
0000100110001010
0000100101110001
0000110010011111
0000011111111101
0001100011001011
0001010010000011
0001010110100000
0000110110110011
0000111000001100
0001001101011010
0001001010011101
0001010010111110
0000101110110001
0000110000111111
0001001101101100
0001010000100110
0010001001010001
0001111001110000
0001011000010110
0000111111001010
0000110100100010
0001110010010010
0001000001110101
0001000101001100
0001101110010101
0001011011101110
0001101000101111
0001001110111001
0001010110110010
0001001101010100
0001010001101110
0001001101001000
0001110011000101
0001010100011001
0000110101000101
0001000010010000
0001000010011100
0000101111100101
0001111001000011
0001000010110110
0001010001010110
0001011011111010
0001101001111111
0010000000010101
0001010101000100
0001011011110111
0001101001000111
0001001010010101
0001000001100111
0001011101101011
0001011101101010
0000111110001001
0000111011111101
0001001011101111
0000010110101001
0000111011011001
0001011000011110
0001100101100010
0001100010001011
0001101110000000
0001010011101001
0001001011011110
0001001101000101
0001000100000010
0001010100100011
0000100111101111
0000101011000011
0001001100011111
0001110100110010
0001101101111001
0000110110000011
0000111100110111
0001000100000100
0000100010011000
0000101101111011
0000111100001001
0001011111101010
0001001000011100
0001001101110000
0001010101100001
0001000010000110
0000101000010011
0000101101110111
0001011010001010
0001110100001101
0001000100100000
0000101101100011
0000111000101011
0001001110010000
0001011000000111
0001001010110110
0001101010000101
0000111111110001
0000110100001001
0001010010010010
0000101100100010
0000110000000011
0001000101010101
0001001101000001
0000111101000001
0001010111011010
0001010011000100
0001001010000110
0001100011110111
0001001001110011
0001111000001101
0001110000000000
0001000001101011
0001011101000010
0000101001111011
0000110011001100
0001000011001000
0001010010001110
0000110001001111
0000110101010010
0000110010011011
0000101011001110
0000111111011111
0000110000100100
0001010111100001
0001010010010101
0000111110101001
0001100111010010
0001010110101010
0001011000111011
0001100111110100
0001010110101101
0000110110101010
0000100001011010
0000111000000111
0001011110001111
0001110100011110
0001001010011001
0000101110000110
0000101010011111
0000101110110001
0001000010000110
0001101100010110
0001011011110011
0000110100001111
0000111011101101
0000111011001001
0001011010110100
0000111101001010
0001000000110010
0001011101011101
0001010111011110
0001101100000000
0000110101001000
0000100100000010
0000101111100001
0000101011011101
0000101010101011
0001101011000001
0001010010100000
0001010011110001
0001101011000001
0001000101011001
0001011110011011
0001011100011011
0001111101100000
0001010100111000
0001101101010010
0000110100000100
0000011110111110
0000111011111101
0001100011000011
0001100001011101
0001110000011110
0001011010110110
0001101001111000
0001000100001011
0000111010001011
0001011100101100
0001010101100001
0001000011001011
0000100110010100
0001001000111111
0001010011001011
0001101101000001
0001001011000110
0001011011011110
0001100111110111
0001001110000111
0001001001111110
0001010111110110
0001011101010011
0001011111010111
0001001110011101
0001010101111100
0001001001011100
0000111111100000
0000101111011010
0001010001100000
0001011110111000
0000110011100010
0000100000101111
0000101100010101
0001000000000000
0000011111110011
0000101110011000
0000101000001011
0001011001111110
0001011011000100
0001111101111010
0000110101010100
0000011101110010
0000110011000100
0000100100111001
0001001101011001
0000111000010011
0001000100001010
0001000000110111
0000111100001010
0000110110010001
0001011011000001
0001011100001100
0000101111110000
0001010110100110
0001001111000010
0001010101110111
0000111000000010
0001100010100010
0001001101010001
0001011101101110
0001011001011010
0001010100110011
0000010110101011
0000101010000110
0001100100110011
0000110110011110
0001011000011110
0001011101011000
0001011000110011
0001001111111100
0001000111011101
0001100010010101
0000111101111001
0001000010101101
0001011011001110
0001010011010010
0001001111000000
0001100100100011
0001011011101111
0000111110000000
0000101011100100
0001011011111011
0000111101110000
0001001010001010
0001000110111101
0000101111110101
0001010110100011
0001000001101101
0001010001011101
0001001100011111
0000111111011110
0001110110011110
0001100011010101
0000110001110010
0001000111101000
0001101101110011
0001010010010000
0001000001000000
0000110010100110
0001000110001100
0000100000011101
0000111001000111
0001001100000101
0000110111011000
0001011100100000
0001000011110001
0001010110101111
0001100100000100
0001001100010100
0001111010011110
0001000110000100
0000111111111000
0001000010100111
0001011000001101
0001011010011011
0001011001101111
0001010000000010
0000011100111110
0000110111011100
0001000101011111
0001101001011101
0001000111001000
0001010100010100
0001110000110010
0001000000111010
0000111000001010
0001001010111100
0000110111010110
0001001001001010
0001000101110000
0001010001111011
0001101010000000
0001000111000010
0001000010001100
0000111001100100
0001000111111100
0001010110001000
0010010000010011
0001111100000000
0001101010011100
0001011110011101
0001000110101101
0000100101110001
0000100010101010
0000111101001000
0001010011100000
0001110010101100
0001011010010010
0001011011001010
0001010000100010
0001100111111101
0001101010101001
0001000001000100
0001000101000110
0001111111100011
0001001001001110
0001011000010000
0001011011000100
0001100010011000
0001101110000000
0001000101001011
0000111000011000
0000100001001110
0000100011100101
0001000110000111
0001101001001010
0001111001101101
0001101110101000
0001010001100011
0001010000100010
0001010001110010
0001010100000000
0001011111001111
0000011011100011
0000111110101010
0001000000010111
0000110111000011
0000011101010110
0000111110101001
0000101010011001
0001000001111000
0000111110110010
0001101001000010
0001001010111100
0000100000000110
0001010100110000
0000111000001010
0001111000010110
0001001000001110
0000110110111011
0001010010100001
0001100001011001
0001101111011111
0001110011101111
0001010100111110
0001001101110100
0001001001010010
0001101011000100
0001011000110011
0000111110110101
0001010011100110
0001001110100101
0001011010110101
0001101010010100
0001100001011111
0000110011001100
0001000101010111
0001001111000001
0001110010000001
0001101111111110
0001011001000100
0001001101000001
0001000101001011
0001001000011010
0000111101010010
0000110010010101
0001010100101111
0001001101101000
0001001110100011
0001010011110110
0000111100001001
0001001011111100
0000101111100011
0000011100001111
0000111101001000
0001010001100010
0001100101100001
0001111000001100
0001111010010101
0001101100100010
0001100111110010
0000110101000110
0000110011010111
0001011010100111
0001000011011010
0000101101000010
0000110001110011
0001010000110001
0001010000000011
0000111011110100
0000101100111011
0001000101010101
0000101101000000
0000111010010100
0000110001111010
0001101010010010
0000111100101001
0001001110110101
0001010011111010
0001011111001100
0000111010111001
0000110100011010
0001000011001000
0000111110011100
0001010000110111
0001010000011011
0000100111111110
0000100010011000
0000110100100111
0001110110011111
0001011111001000
0000110100100100
0000010111100101
0000101110101011
0001100011001011
0001011010111111
0001100101010101
0001110011110000
0001000111111110
0000111101010111
0001000101000100
0001011101011110
0001101010100011
0001001111100100
0001010111100100
0001000001000011
0000101000011000
0001000010100111
0000111001010100
0000011111110000
0001010001100000
0001101101111100
0001100011000011
0001011111111100
0001010110110011
0000011111111000
0001011100000101
0001111001001011
0001010100011111
0001101010100100
0001110100011111
0001011101011101
0001010010010100
0000111011011000
0000101100110011
0001001001010011
0000110011010011
0000101110010110
0000101001011010
0001001111010001
0000111011111001
0000110110011110
0001001000111101
0001001010100111
0001001110000010
0001000100100001
0001010011101010
0001001010100110
0001001111001000
0000110001001100
0001101010100001
0001110000101000
0000110111001000
0000111001110010
0000111100101111
0001100001111011
0001011001101010
0001100001000000
0001000111010010
0001001010010101
0000110111100100
0001011111111111
0000111111111101
0000100110000100
0000110111010111
0001000000111110
0000111111100010
0001101010101010
0000111111100000
0001011110000110
0001001011011001
0001100111110100
0000111111000011
0000110010000000
0001011010000100
0001001100001001
0000101010000011
0000111100110101
0000111111010001
0001011011011011
0000111111100100
0000011100011110
0000110110101110
0001111001100010
0001011001001101
0001100000110101
0000111111001100
0000100110011011
0001001100010010
0001011001100001
0001011110001011
0001000100010001
0001101101101100
0001010100101000
0001000011110011
0000011010110110
0000110000001010
0001010010011101
0000101010010110
0001100001100000
0001001000110001
0001001001111010
0001100001100010
0001011011111111
0001111011111010
0001010011100110
0001001100001000
0000111101111101
0001100100100111
0001011011110011
0001101001100011
0000111100001011
0001001100010001
0001101000011101
0001010001101101
0001000001011110
0000110101010010
0000110101000101
0001101000000101
0001010001110010
0001010110111111
0001101010101001
0001011110001110
0001100000110111
0001011011010001
0001000110001111
0001001011111000
0001011011011011
0000110000101100
0001001010001110
0001010101001001
0001001101101000
0001010010101011
0001001101110101
0001110000001101
0001001010011101
0001100010001001
0001010010011000
0001000111001111
0001011001111100
0001011000000111
0001010111101000
0000111110011000
0000101100110010
0000010101101100
0001010100000100
0000110010001111
0001001010111111
0001010100010100
0000100000000001
0000111101111110
0000101010111101
0001010010011101
0000110111000000
0001011010001110
0000110000101100
0001010110111000
0001001110000011
0000110101100011
0001101001000110
0000111111001100
0001010111011001
0001011101011001
0000110110000011
0001101101001110
0001110001100110
0010000000100000
0001100111010111
0000110000001010
0001100011101111
0001100101100001
0001010000101010
0000100111100010
0000111111111001
0000100001011100
0000111101011100
0001100100010100
0001010011101011
0001010000011011
0000100100110110
0001001000000101
0001010110110000
0000100011111111
0000110010100010
0001100001110000
0001001110011011
0001100011011001
0001010000110100
0000111000011110
0000110100111100
0000100101111010
0001001011110110
0000100100010101
0000100111011111
0001010001111001
0001100001000101
0000111110011001
0001100101010100
0001100101101000
0000111010010011
0000110110110101
0001011010010010
0001100010000011
0001000111000101
0001000011101110
0000111011101011
0001000111100111
0000111011100100
0000100100000110
0000010000011101
0001001011101001
0001001110110110
0000110100011100
0000010110001011
0001010100110010
0001001011000011
0001001101100100
0000111101100110
0000100111100001
0001001010101110
0000110111101011
0001000011010111
0000111111000011
0001011111001010
0001011101010000
0000111101000000
0001100100100110
0001100011101001
0001000110010100
0001100010001110
0000111010001010
0001010001010100
0001010100101100
0001110000011001
0001100000011001
0000111100011010
0001000100000100
0001001100000000
0001000000011000
0000111100010101
0000101100101001
0000100100000001
0000101111010111
0001100001010011
0000111010110001
0000011100010100
0001010000010110
0001010000010101
0000101101111010
0001000000010001
0000111111011010
0000110101100101
0001001011101000
0001010010101011
0001011101000110
0000010101010010
0000101011110110
0000101101101100
0000111010001010
0000110100001000
0001010111011100
0001010011101010
0000100100110100
0001100011110101
0001011000000011
0000101001101000
0001001100000100
0001110100011101
0001101010001011
0001010000011001
0000001101000110
0000101010001100
0001010011110000
0001101110011001
0001100100111101
0000111000000100
0001011011001001
0001011001110111
0000110110001001
0000110011011010
0000110101010001
0000111111111010
0001001111000010
0001001111111100
0000001001000000
0000111000010100
0001001011111110
0000110110111010
0001001101110100
0001011010010011
0000110011000010
0001000001010000
0001010001111101
0001011000000010
0000111101010011
0001001110100101
0010000001110101
0001010001010111
0000101111000010
0001011000000000
0001000101111110
0000111100010011
0000011010011010
0000110110000101
0000010110111010
0001010011101110
0000111110010111
0000001010001110
0000011001100101
0001001000101100
0000111101101000
0001001111000100
0001010000111111
0000101001000001
0001000011000000
0001011001111111
0001100001100011
0001010111010111
0000110101000100
0001000111010111
0001010101110110
0000100000100111
0000010100000001
0001100100100001
0001011110000101
0000110010100110
0001111110010110
0001010011101010
0000101001110011
0001000010100100
0001101101111111
0000110110000110
0000100101001010
0001001000000100
0001001101001100
0001001000111000
0001010110011011
0001010111011010
0001100010101011
0000110111100000
0000110001011001
0000011101101111
0001011100011111
0000101010101000
0000101000111010
0001011010011110
0001010100001011
0000100100011101
0000100111110000
0000111111111001
0001001010100001
0001100000001101
0001100000100000
0001011110100010
0001011100101110
0001100010111111
0001011001011111
0001000111011110
0001011010110100
0001010011010010
0001010010000010
0000110100110011
0000100101100100
0001001011001100
0001000100110111
0001000110111110
0001011100001111
0000111111101100
0001100110100011
0000101010111010
0000010011001100
0000111100001010
0001001000110100
0000111111110111
0001100110110010
0001000010001000
0001100010100000
0001011111001001
0001100110100101
0001011010011100
0001100111000010
0001001101000110
0001010110110111
0000110011101101
0000011111100101
0001101010101100
0001110001000111
0000101111000011
0000110001101100
0001100000100101
0001010101010001
0000101110011111
0001011010010111
0000111000101000
0001000111110000
0001101001100000
0000111001010001
0000011111100111
0000111100000011
0000111000001011
0000110010110011
0001000000011001
0001010101011001
0000111010110101
0001001011001011
0001011111100001
0001000001100001
0001110010010100
0001101010000110
0001100100001011
0001000101100001
0000100011011010
0000100111001101
0000011101101000
0000111011001101
0001000110110010
0001010000010100
0001001000101110
0001001010011010
0001001010011001
0000010101011110
0000001011101011
0000011101000100
0000110111110101
0000011000100001
0000110100111111
0001110001010101
0001010001110010
0001010100100110
0001000101100110
0000101110010100
0001001111011001
0000101001111111
0001001011101101
0000101110011010
0000111101100100
0001001111011001
0000111000001001
0001010100000011
0001010001101101
0001000000011111
0000110001111110
0001001001010010
0001100111101100
0001001111100110
0001001100011111
0000011010011110
0000111001001101
0001100100111000
0000100110011111
0000010110111001
0001000100111100
0001000011111100
0001001110111001
0000101101101001
0001000000111011
0001100100011100
0001111111100110
0001011101101111
0000010110011001
0001001001111010
0001010001001000
0001000000011000
0001100101110101
0001111111111011
0001001110000111
0001001101001110
0001011100000100
0001101010100100
0001110011000110
0001100100100011
0001000000100010
0001010100011000
0000111000001111
0000101100001000
0000111101010001
0000100111000100
0000111000000010
0001000110011110
0001011100001010
0001011110111010
0001011101101110
0000111001010010
0000001110110110
0000011000110101
0000111011000110
0001001111110001
0000010101011101
0001010110101100
0001010001100000
0000101011110110
0000111000110010
0000111111000010
0001000000011001
0000110110100111
0001100010111101
0001010110111010
0001011000011010
0001010111011000
0001100101011110
0001100011100000
0001010111111011
0001000010000000
0000100100010010
0000110100100001
0000111110001000
0001100001100011
0000101011100101
0000111110001010
0000010100000001
0001000001010000
0000111001111101
0000110001001100
0001010000000110
0001010010111110
0001101100010010
0000111000010001
0000111100100110
0001011011001010
0001011101110001
0001101000011100
0000101100001010
0001000000111110
0001000000110101
0000110110110001
0000111100000111
0001101011101111
0001010111001011
0000101111011111
0000111101001101
0001011111000101
0010000111100101
0001111111001101
0001001011010111
0000101000000110
0001011001010101
0001010000111010
0001010011111001
0001101000000100
0001100101000110
0000111111110100
0001000101010100
0001000011001111
0001000001001110
0000101101110011
0000110010011000
0000011001101100
0000111010000100
0000111110111110
0000111101000100
0000111100001100
0000111111011010
0000111101001110
0001000101011000
0001010100101000
0001000100001010
0001001001011111
0000101100100011
0000111111101111
0001001001010111
0000110010001001
0000111010111111
0000111101001000
0001010101100010
0001010110010110
0000101101011100
0000011011010000
0000010011011011
0001010101100001
0001001011010100
0001001100100001
0000101101010101
0000110100101000
0001000010101110
0000110010100111
0001011010010110
0001011100101000
0001101100110110
0000110001100010
0000111101110111
0001000001010000
0001000101000111
0001001011000101
0001001110110100
0000110101111011
0000101011011011
0000111100010011
0000101010101100
0000111111010101
0010000101110110
0001011100110101
0001000010010100
0001011111001100
0001010110100010
0001101000101010
0001011100101000
0000111001111110
0001010000000101
0001111010001001
0001011001010010
0000110100110100
0001001011101001
0001011110010100
0001011101001001
0001010110110001
0000101101000110
0001010011011111
0001010111011001
0000110010001010
0001011001011000
0001011101011100
0001000111100110
0000110110101101
0000010100101100
0000111010011010
0001101100101000
0001000000000111
0000001110101101
0000111011010100
0001000111101010
0000110000111100
0000110100100000
0000101101111110
0001100000001000
0000100011010000
0000110011000001
0000101001000111
0000110001001110
0000011011000110
0000001111010000
0000101110111010
0001010000010001
0001011011000101
0001010101001110
0001001001011010
0001010101110110
0000110101000111
0001001001011010
0001011000011110
0001011110011111
0000111110110110
0000111100000100
0000110001011000
0000100111101110
0000111110011110
0001000010001110
0001101000001110
0001001101110000
0001000101111001
0001010100000100
0001001110101100
0001001010100111
0010000010001101
0001111111000000
0001101101110111
0001001101011010
0001000100000111
0000111011010001
0000111100101110
0000100011100010
0001101010001011
0001011100111111
0001000110100111
0000101011011001
0001000010100111
0000111000110110
0001010010000110
0001001000000101
0001010010011100
0001110010100100
0001000010100100
0001100101100000
0001111111001101
0001000100010101
0000100101011001
0000101001101011
0000100010101111
0000110001110011
0001000111011011
0000110000101000
0000100001110111
0000111010010011
0001111011001111
0001110100010010
0001010001011110
0001010101000110
0000101101101100
0000111001100101
0001011000100101
0000111110110001
0000100101000111
0000101110110000
0000110111111110
0001000000010011
0000101010100010
0001001010111100
0001001001001001
0001000100101000
0000101111000001
0001011011011000
0001000001100101
0000110101010001
0001000110100101
0001011010000110
0001011010111000
0001000000101001
0001111101000000
0001010100101011
0001011100010000
0001111101110110
0001000110111011
0000101110111100
0001100101010000
0001010111011001
0001010100011010
0001010010100100
0001011001010000
0001010110001101
0001111111100000
0001101000001111
0001001011011111
0001000110010000
0001000100011001
0001010011110010
0001000100111110
0001010111010101
0001000001000111
0001011001100110
0001010110010110
0001000000111010
0000100001010111
0001101100000110
0001110110001011
0001100111111100
0001011110011010
0000111101011010
0001000100110001
0001000111011010
0000110110010011
0000111001011010
0000110001011011
0001010001011010
0001101000010110
0001011110111001
0001111100111110
0001010100110000
0001001101101001
0001000010001110
0000010110111101
0000111001001001
0001001110101001
0001100010101010
0001001111100100
0001011011000010
0001011010101000
0001100100110000
0001001010100010
0000110111111101
0000101010101101
0001000100111000
0001001000110111
0001001100000100
0001011011011001
0000100000011010
0001000011111101
0000111101000001
0000110101010110
0000100011010111
0001000111010100
0001101110110000
0001010101001100
0001100000111001
0001000011000110
0000100000000101
0001001001110111
0001101100000100
0000111101111001
0000100100010001
0001010111000001
0001110111000010
0001110011001000
0001010001110110
0000110010110010
0000111010001010
0001001000101100
0001101011101101
0010000100111010
0010000000110100
0001011110101000
0000110101111101
0001100101110111
0001001110111000
0001000111001001
0001100101010000
0001101111010010
0001011011000110
0001101010010001
0001000000110110
0001010011000010
0001001001110000
0000011011100110
0001000100001110
0001000110110101
0000110010111010
0001100100011110
0001100000101100
0001101110111110
0001101010100011
0001011001001011
0001011110001010
0001001101100101
0000111000010011
0001001100001110
0000100100100010
0000111010011101
0001101001000110
0001011000101001
0000101011100010
0001010101111010
0001011011010001
0000101001101101
0000100111111100
0000010110001001
0001000101000010
0000100101001100
0000111000100001
0000110011110110
0000110010101010
0000100111100011
0000011001110010
0000100010010000
0000111011110001
0000110000110101
0001010101010101
0000111000011011
0000101101100001
0000110000010011
0001000110111110
0001001110111000
0000101010101011
0001101000101110
0010000111001011
0001000111000101
0000100101011100
0000101110000010
0001001100010110
0000100010000101
0001011001100100
0001110010010000
0001111101010110
0001010011011101
0000110010011000
0000110111111001
0001100000111000
0000101011101111
0001011001100010
0000111101011001
0000100111110001
0001100000011000
0001100101001000
0001000001110001
0001001010110011
0000111100111001
0001000110100110
0001110000100010
0001000101011111
0001110100000111
0000111000110101
0000101000011101
0001100111001101
0001100011110111
0001011001010111
0001011010100100
0001000110111100
0000100010110011
0000100000100110
0000110111010010
0001000101000110
0001111010100011
0001000001101101
0000101110011100
0001101010000000
0001001000000101
0000101110010101
0000110110111000
0001001000001110
0001010000001110
0001001000011101
0000011100100110
0000011001100101
0001001101110000
0000110111100111
0000100110101001
0000101100010110
0000010100001001
0001000000010100
0000111000101011
0000100001010101
0000110000110001
0000111100000100
0001011001011010
0001011010010011
0001100110101000
0001110000010110
0001000101010100
0000100011100111
0001000100000001
0001011110100101
0000110110001010
0000101001101110
0001010101001101
0001110100010110
0000111010001101
0000011111111011
0000010111100111
0001010110100110
0001000000001001
0000110000000100
0000100110100101
0000110000111101
0001001010000010
0001000100101110
0000111000111011
0001110000110111
0001110001000100
0001001101000100
0001001001011001
0001000101111010
0001000010011001
0001000010001010
0000100101111110
0000110011110011
0001000000110111
0001011100111111
0001101100100010
0001011010010110
0001001000100110
0000011100100011
0000100101000111
0000100010111100
0001000110011101
0001000010010100
0000110011010010
0000100100101010
0000110010001111
0000011010111001
0001000011010000
0001000110110010
0001001011100010
0001101010001110
0001000111111010
0001001010111100
0001010100110101
0001100110011011
0000101000000000
0000111110000101
0000011011110100
0001000010001000
0001001000101001
0000110010011000
0000111000011101
0001001100110110
0001110011011010
0001011101011100
0001010101011000
0000111001110000
0001001010001110
0001000010000111
0001011110110111
0001101101001010
0001010000100100
0000111101001011
0001000100101010
0001110101100111
0000111111111111
0001011111101110
0001010000110111
0001011010110001
0001000011010000
0000100111000101
0000001110101011
0001000101000000
0001000010000001
0000101011101100
0000010111101001
0000111110011010
0001101001111100
0000110011101001
0000011000100010
0001010110100101
0000110110000001
0001010000111111
0001101011011011
0001000101011011
0000011010110101
0000101101001010
0001010011001011
0001100101000011
0001101111010001
0001001010001110
0000111110011011
0000101100001110
0000101011110010
0001010011010000
0001110001110101
0000110011110001
0000011110111110
0000101110101100
0001100010100010
0001100010101000
0001010110001010
0001000001100100
0000111111101000
0000110100001011
0001010111010001
0001000010100101
0001000011001100
0000101111001000
0000100011010010
0000111101110001
0001100101001001
0001110100101011
0001000001110001
0001000110111101
0000110011101011
0001101110111011
0001101010010100
0000110000101110
0001001010011010
0001010000111011
0001000011010100
0001000110101000
0001111100101101
0001100110100100
0001010000011101
0001010100101010
0001001101110000
0001010011010100
0001001111001100
0001010100011000
0001000001011110
0000101100110000
0000110000000000
0001001001110111
0000110110001011
0000101011101011
0001010100100111
0001001101010111
0001011010110011
0001001000000111
0000100011011111
0001011100001000
0001011000110010
0000111001010000
0001110011000101
0001011100011101
0001000000011001
0001001001110010
0001100001010110
0010001010110011
0001101010101101
0000111100111000
0000111101100110
0001010011100110
0000111111011100
0000101010000011
0001000100010000
0000110001011000
0001000101010111
0000101111011100
0001011001110000
0001010111000011
0001011100100011
0000100010001010
0000111101000101
0001100110101110
0001001101110101
0001001100010001
0001000100101000
0001000101110011
0000010011110000
0000111000110000
0001000010110001
0001001101001110
0001000100011010
0001000011011001
0001010101100111
0001100010001100
0001101101001001
0001001100100101
0000111001000101
0001111110000001
0010001010001011
0001010100101011
0001100001101001
0001001100001110
0000110100111011
0000101111001111
0000110101110000
0000110100010111
0000100000111111
0000101000110011
0000101100111010
0000010111001001
0000110101111000
0001100011110100
0001100100111110
0000101111110010
0001010100010000
0001111001110010
0001000101100101
0000110000000000
0000011110110000
0001011100101111
0001111101011001
0001100011001010
0000111000010100
0000111111000000
0000110001100010
0001000001011101
0000101111100101
0001101010100111
0001010111011110
0000100101110000
0000101011010010
0000100101010101
0001000110001001
0001100000001101
0001010100100100
0001000100000111
0001101000101111
0001000101101111
0000111100111010
0000101101110101
0000110001000110
0000111011001011
0000110101110100
0001100110010000
0001101010111101
0001010010000100
0010000100101101
0010000010000100
0000110011000000
0001001101101000
0001101011101011
0001101010100001
0001001110001010
0000010110110110
0001000000000011
0001011111100111
0001000110101001
0001000010110101
0001010011010011
0001000000100100
0001101110000111
0001001000110100
0001001110111011
0000111010011111
0001000001011000
0001100011000010
0000111011001110
0000100011000111
0000111011111100
0000111101000011
0001010100011001
0001000111000111
0000111010110111
0001010110110111
0001010110001111
0001010100111011
0000111111000111
0001000111001010
0001000011001010
0001000110000111
0000101100110010
0001010010110101
0010000000101000
0001001010111100
0000110001111001
0000101100110110
0001000110110001
0001001100101101
0000110111101011
0000111110010000
0001010101010001
0001000001110010
0000100011000100
0000010000001100
0001010000010001
0001100100011100
0001110011001110
0010001011101011
0010000111101111
0001000111011000
0000110100111001
0001001000010110
0000110010101010
0000111111111100
0000110111001101
0000100101000111
0000111001000010
0001000110010100
0001101100011101
0001011100011011
0000110001001111
0000111011011011
0001001001011010
0001010000100101
0001101101101011
0000111110010000
0000110011010110
0001010110011000
0000011010000111
0000111001100110
0001001111110101
0001011011111001
0000101100101010
0000101000001111
0001010000100001
0000101001010010
0000110111101001
0001001000001100
0000011101000001
0000100011000001
0001001101000101
0001100101010111
0001010110000101
0001010101001100
0001000000100100
0001001011001100
0001010110011010
0001011010111000
0001111111101001
0000111110110010
0001010011010011
0010000101000100
0001000010001101
0000111000101101
0001000001101001
0001001011111000
0000011011001001
0000111100111111
0001000110011100
0000110101010000
0001000110110001
0001011110011111
0000110101010100
0001110011011011
0001010110101110
0001001101110101
0001000000101101
0001011110010111
0001100110000001
0001011101111100
0010000001111101
0001001011011101
0001011111010011
0001000100000010
0000111100101001
0000001100000101
0000101011011001
0000110111000011
0000101110111101
0000010111001110
0001001010000011
0001010010110101
0000101000011100
0000100111100010
0000010010010100
0000011000101101
0001000011000100
0001001111011110
0001011111001001
0001001000010100
0000101110011101
0001100001110011
0001000110000010
0001000110001111
0001010000101101
0000110111110111
0001001111001010
0001001011011101
0001000010011101
0001110101011101
0000111001011010
0000101001111010
0001000000110000
0001010001011100
0001100110110001
0001001101001100
0001000101000001
0000001010000000
0000100000010111
0000101100011010
0001010100000011
0000111011001100
0000110100110111
0001111100101101
0001100011000101
0001000111001011
0000101101100110
0001001010001001
0000101110110111
0000110000111010
0001011010110111
0000110001101011
0000101011000111
0001110101000100
0000111111111010
0001001111110100
0001000100111011
0001100011000100
0001100011010001
0000100011011000
0001000100100001
0001000000110111
0001001101100000
0001001101110110
0001100110011110
0001001100011101
0000111111000010
0001000011011111
0000101010011101
0000100111011001
0001000011111001
0001000110101110
0000110110111100
0000010000111110
0000101111110010
0001011000010100
0000101101011000
0000100000011000
0001011011010111
0001011110010010
0001111011001111
0001010101000010
0000100101011001
0001011100010011
0000111001001010
0000111101100110
0000111101110011
0000111000011001
0001000101000011
0000110001001011
0001000101010100
0000101010010011
0001000111000010
0000110111001010
0001011000110001
0000110111011111
0001110110001100
0001101100101010
0001100010010101
0000110101111110
0000011100101110
0000010101000011
0001000000111010
0000101101111000
0001000100110101
0001001111001001
0010000110011010
0001000010011000
0000110111111011
0001001101111100
0000111100110110
0000011111001010
0001000111001100
0000110010101000
0001000100000010
0001010100100001
0001000000011010
0001010001110101
0000100101000110
0000101001011101
0001010011000000
0000111010011010
0000011011110000
0000110110010000
0001000101101111
0001000100101111
0001101101111010
0001010100001001
0001001101100100
0000111100001111
0001011110000111
0000111010011110
0001010001011110
0001101111001101
0001101000100100
0000101110011110
0001011010100100
0001011011001001
0000101010011111
0000010101010001
0000100110000110
0001001010000000
0001011100011101
0001011000101110
0001011110000010
0001001001001010
0000110101001000
0001010011110111
0001101110011110
0001011110110000
0001101111000101
0001000101000011
0001001110101110
0000111101101100
0000101111000000
0001011011110100
0001111111100110
0001001011001001
0001001101011000
0001010100001111
0001001101011011
0001001111110110
0001000001101101
0000101000101000
0001011100011010
0001000000011001
0001010011100011
0001001111101111
0001011001011011
0001000110000010
0000111001001110
0001000111101100
0000110100010000
0000101101110110
0000111100100110
0000101110010010
0001001011001110
0001110001111001
0000011010010111
0001010101110111
0000111101000011
0000100101110011
0000000110111010
0000100111110001
0000110111011111
0000110101111010
0001010011100101
0001001111000101
0001010101000011
0001101001001001
0001110111010100
0000111010101010
0001011100111111
0001010001001111
0000110111101011
0001010001111110
0001100101111111
0001010011001110
0001110101101101
0001010111011010
0000111101101010
0000111011100000
0000001110000101
0001001001001010
0001001000010001
0000111100100011
0000101100100100
0000100110011000
0000101011000101
0001001010011011
0000110111011011
0000100000111000
0001010001100001
0000101111011000
0001011000010111
0001001111101001
0000011111001000
0001001011110110
0001110101000011
0001011000010001
0001011011001010
0001001011111011
0000100001100111
0001010000100101
0001010011100110
0000111011100101
0001010010100100
0001000011000000
0000011101100000
0001000110010111
0001010100110101
0000110100100110
0001010001110111
0001100010111010
0001000101110000
0000110110001000
0001000011101011
0001000010011111
0000101100101100
0001101110111100
0001010101000110
0000111000000111
0000101000000010
0001001011000000
0000101111101010
0000100100100101
0001101010101001
0001001110111110
0000111000011011
0001001011101100
0001001011001111
0001100011110011
0001100111110010
0000110101000100
0001010000100011
0001010111100100
0001000100101001
0000111011010101
0000111110111101
0001100010010100
0001010001111000
0001011011110010
0000110011001000
0000111111111010
0001001001001111
0001000110001110
0000111110110001
0000101111111100
0000111011010011
0000011001111000
0001011001000010
0001110011011010
0001000001111010
0000111100000010
0001000111011110
0000101110111000
0001001011000010
0001100110011100
0001100111010011
0001011110111100
0001001110000100
0000110111011101
0000110010111010
0001010111010100
0001010000001110
0000100110110111
0000111000001000
0000101111101111
0001100101110100
0001101010110110
0001001001110010
0001100101100110
0001101101111110
0001010001101100
0000110100100000
0001011011001101
0001100111111010
0001110011010001
0001010011010101
0000111111001101
0000101001010111
0001010000110000
0010000011001100
0001101011101000
0000100100111110
0000110110101010
0000111110100000
0000111000001110
0000111001010001
0001111010001101
0001100111010101
0001001111010101
0000011101101010
0000110110001111
0001000010101001
0000010001111000
0000101101000110
0001001011001011
0001000001110010
0000101010111010
0000100010000001
0001011111100100
0001011000101110
0001100100001010
0010000001011100
0001011101011010
0001010111100011
0001101101000100
0001000111010001
0000110001001000
0000111010100111
0000110000000001
0001011000010100
0001110110001111
0001010100111111
0001010110111110
0001010000111101
0000110001011000
0000101000011101
0000110111010101
0000111100111001
0001110111110010
0001010100111111
0000111011010110
0000100111000000
0000111011011100
0001101000110011
0001110010001011
0001001101001110
0000101011111011
0000111000010111
0001110101001100
0001011001000000
0001100100100001
0001100010101000
0001011010011010
0001010100000100
0001010100001100
0000110011011110
0000111111010101
0001010101100010
0001101110010000
0001101111100010
0001000101110110
0001010000101101
0001101000111010
0000110101001101
0000111110000001
0000110110011110
0000110001101010
0001000101010110
0001110011100101
0001110001110011
0000111110100001
0001000110111011
0000111100110011
0001001001111101
0001000111101110
0000011010111110
0000110011011001
0001001000000000
0000011011010101
0000010100100101
0001000101000000
0001001111110110
0001110111001101
0001100111101000
0001000000011111
0000110111111110
0000110111010001
0010001101100000
0001110101111011
0001011011101111
0000111111101101
0001100010101000
0001100000110101
0001001000111010
0001110000101001
0001100111010011
0001000010110000
0000100010001011
0001000110111000
0000100000110001
0000110100110111
0001011101110011
0001011101100100
0001000111000010
0001001010000110
0001111000111011
0001111010100110
0001011010000110
0000110000010000
0000101011010111
0001000011010100
0010000000011111
0001110010101111
0001110010111100
0000101100111110
0000010110101101
0001001110001101
0001001000111110
0001000000011001
0000110000001000
0001001000101101
0001010000010100
0000101011000111
0001000101100010
0000110101001110
0000110111110000
0001010001000011
0001111000010111
0001011010000110
0000101111111011
0001101101001000
0001011111001011
0001010110010011
0000110110110111
0001000010001101
0000111100011001
0001001011110010
0000101000111111
0000111010011111
0001001100010000
0001010100100001
0000010101110011
0000111000111011
0000110011010000
0001011100101111
0001100101111001
0001001010010111
0001000011010101
0001010011000010
0001011010110000
0001100100001001
0001000111001111
0000111010111110
0001001101110110
0001111100101011
0001000010111001
0000110111000101
0001100001001110
0001000001011001
0000101111011001
0000111010100001
0000111100100100
0000101001101100
0000111001100100
0001010010111101
0000110110000101
0000011101100100
0001010000000111
0001000000100100
0001101010000000
0001110100101000
0001010110100101
0000111011000110
0001001011111000
0001001011010100
0001110100111111
0001011110001111
0000101010110101
0000110100001101
0001011101001101
0001101110110111
0001100000100001
0000010000011100
0000010101110101
0000011010100101
0001100001011110
0001011000101110
0001010001101010
0001011010101100
0000111110000111
0001010001001111
0001011101001101
0001001110110111
0001000010111011
0000111010111111
0000111001111111
0001001101001100
0001011000101111
0001011010000110
0000100101111110
0000101110111010
0001101010101110
0001010000101111
0000110010000000
0000100010110100
0000111000001110
0001001010111111
0001010001001111
0001100011010001
0001000111010111
0001001010011100
0000111110001000
0001001100000110
0001010100001000
0001100110110111
0001010100111011
0001010001000010
0001010000100001
0001001011110101
0000101011100010
0000111110001001
0001001101001101
0001000010011001
0000100101010000
0001010000011000
0001010000100110
0001000010110101
0001000001010010
0001000110101100
0000111100110011
0000111000001100
0001010101101000
0001010101101101
0000111110001100
0000010000101000
0000101010000111
0000100101001011
0000110101110111
0001011101011000
0001101100111100
0001001000101100
0000110111110111
0001010101000010
0001001000001001
0001010011111111
0000100111111001
0000111001000100
0001001001001111
0001111000110001
0001010100111001
0000111100111101
0000100010111010
0000001110100000
0001010011100001
0001001000011000
0001011111000011
0000111100010011
0000100111001101
0001000100100011
0001010011011000
0000101100010111
0000011000101111
0000010101001100
0001010110000100
0001010111001001
0000100101111111
0000011000001011
0000100000010100
0000100011110110
0000010001111101
0000110001011011
0000111100100010
0001001001110100
0001001110101001
0000100000110111
0001000010000001
0001011010001001
0001010011100111
0000101011101100
0000011011011001
0001100100100100
0001001110110010
0000101001111001
0001010000000101
0000111011001010
0000100001001010
0001100000110001
0001100010101110
0000101101101101
0000100000010101
0001100011000101
0001000110011100
0000110101100001
0001010001001001
0001000001100101
0000101011100000
0000110001101110
0000110110010010
0001001111100001
0001000011101011
0000101111111001
0001100000010001
0001011101101010
0001001110110000
0001010001010011
0000110111101011
0000111001011101
0001110011101000
0001011111010010
0000101101010101
0000110011001111
0001011100000001
0000100000010101
0000100101010011
0000011000100000
0000101111101010
0001000110011101
0001001001010001
0001011010100110
0001001000010101
0000110001100110
0000101001101011
0000110010111111
0000110111010010
0001000011001110
0001001000101111
0001100010110010
0001000100111100
0000010111000001
0000011110010011
0000101100100111
0001000111001000
0000010110111011
0000100110010001
0000111001111000
0001101000011100
0001011110010101
0000111011101100
0001001000000100
0001101001001111
0001000011011110
0000101010000010
0001011101101111
0001101000111111
0001000010101101
0001010101011001
0000011011011100
0000101000001010
0001010100001011
0001100011111111
0000101001111011
0001000110000100
0001101011001001
0001100001011001
0001011001010010
0001001011111000
0000110000001011
0000111010001110
0000110111010011
0001001110110101
0001100110110101
0001001110011011
0001100101111110
0001011101010001
0001010000011111
0000111010011010
0000100111110010
0000101000001011
0000011110101010
0001011101110011
0001100001100101
0001100010010110
0000100000000000
0000101011010100
0000110111100001
0000110110111001
0000011000111011
0000100111001000
0000101111000011
0000110101000110
0000101111010011
0001011000111110
0001001011010110
0000110010011100
0000100110010111
0001000000101000
0001010010101110
0001010110111001
0001001011000010
0001010010000001
0000010001101110
0000011101110111
0000111100011100
0001001011101100
0001000011100010
0000110001000110
0001001110000110
0000111111010100
0001011001010001
0000111100111110
0000110101010010
0001010111000100
